t;c.x;c.y;c.z;t.x;t.y;t.z;n.x;n.y;n.z;b.x;b.y;b.z
0;-7.5;10.5625;0;0.257662651;-0.96623494;0;0.96623494;0.257662651;0;0;0;1
0.01;-7.49742296;10.55283776;0;0.257745334;-0.966212887;0;0.966212887;0.257745334;0;0;0;1
0.02;-7.494845093;10.54317574;0;0.257828093;-0.966190806;0;0.966190806;0.257828093;0;0;0;1
0.03;-7.492266398;10.53351394;0;0.257910931;-0.966168697;0;0.966168697;0.257910931;0;0;0;1
0.04;-7.489686874;10.52385237;0;0.257993847;-0.96614656;0;0.96614656;0.257993847;0;0;0;1
0.05;-7.487106521;10.51419101;0;0.25807684;-0.966124394;0;0.966124394;0.25807684;0;0;0;1
0.06;-7.484525337;10.50452988;0;0.258159913;-0.966102199;0;0.966102199;0.258159913;0;0;0;1
0.07;-7.481943322;10.49486897;0;0.258243062;-0.966079976;0;0.966079976;0.258243062;0;0;0;1
0.08;-7.479360476;10.48520828;0;0.258326292;-0.966057724;0;0.966057724;0.258326292;0;0;0;1
0.09;-7.476776796;10.47554782;0;0.258409599;-0.966035444;0;0.966035444;0.258409599;0;0;0;1
0.1;-7.474192283;10.46588757;0;0.258492985;-0.966013135;0;0.966013135;0.258492985;0;0;0;1
0.11;-7.471606936;10.45622755;0;0.258576451;-0.965990797;0;0.965990797;0.258576451;0;0;0;1
0.12;-7.469020754;10.44656776;0;0.258659994;-0.96596843;0;0.96596843;0.258659994;0;0;0;1
0.13;-7.466433736;10.43690818;0;0.258743618;-0.965946034;0;0.965946034;0.258743618;0;0;0;1
0.14;-7.463845882;10.42724884;0;0.25882732;-0.965923609;0;0.965923609;0.25882732;0;0;0;1
0.15;-7.46125719;10.41758971;0;0.258911102;-0.965901155;0;0.965901155;0.258911102;0;0;0;1
0.16;-7.458667659;10.40793081;0;0.258994963;-0.965878672;0;0.965878672;0.258994963;0;0;0;1
0.17;-7.45607729;10.39827214;0;0.259078903;-0.96585616;0;0.96585616;0.259078903;0;0;0;1
0.18;-7.453486081;10.38861369;0;0.259162924;-0.965833619;0;0.965833619;0.259162924;0;0;0;1
0.19;-7.450894031;10.37895547;0;0.259247024;-0.965811048;0;0.965811048;0.259247024;0;0;0;1
0.2;-7.44830114;10.36929747;0;0.259331204;-0.965788448;0;0.965788448;0.259331204;0;0;0;1
0.21;-7.445707407;10.3596397;0;0.259415465;-0.965765819;0;0.965765819;0.259415465;0;0;0;1
0.22;-7.443112831;10.34998215;0;0.259499805;-0.96574316;0;0.96574316;0.259499805;0;0;0;1
0.23;-7.440517411;10.34032483;0;0.259584226;-0.965720472;0;0.965720472;0.259584226;0;0;0;1
0.24;-7.437921146;10.33066774;0;0.259668727;-0.965697754;0;0.965697754;0.259668727;0;0;0;1
0.25;-7.435324036;10.32101088;0;0.259753309;-0.965675007;0;0.965675007;0.259753309;0;0;0;1
0.26;-7.43272608;10.31135424;0;0.259837972;-0.96565223;0;0.96565223;0.259837972;0;0;0;1
0.27;-7.430127276;10.30169784;0;0.259922715;-0.965629423;0;0.965629423;0.259922715;0;0;0;1
0.28;-7.427527625;10.29204166;0;0.26000754;-0.965606586;0;0.965606586;0.26000754;0;0;0;1
0.29;-7.424927125;10.2823857;0;0.260092444;-0.96558372;0;0.96558372;0.260092444;0;0;0;1
0.3;-7.422325776;10.27272998;0;0.260177432;-0.965560824;0;0.965560824;0.260177432;0;0;0;1
0.31;-7.419723576;10.26307449;0;0.2602625;-0.965537897;0;0.965537897;0.2602625;0;0;0;1
0.32;-7.417120526;10.25341922;0;0.260347649;-0.965514941;0;0.965514941;0.260347649;0;0;0;1
0.33;-7.414516623;10.24376419;0;0.260432881;-0.965491955;0;0.965491955;0.260432881;0;0;0;1
0.34;-7.411911868;10.23410938;0;0.260518192;-0.965468939;0;0.965468939;0.260518192;0;0;0;1
0.35;-7.409306259;10.22445481;0;0.260603588;-0.965445892;0;0.965445892;0.260603588;0;0;0;1
0.36;-7.406699796;10.21480047;0;0.260689064;-0.965422815;0;0.965422815;0.260689064;0;0;0;1
0.37;-7.404092477;10.20514635;0;0.260774623;-0.965399708;0;0.965399708;0.260774623;0;0;0;1
0.38;-7.401484303;10.19549247;0;0.260860265;-0.96537657;0;0.96537657;0.260860265;0;0;0;1
0.39;-7.398875272;10.18583882;0;0.260945987;-0.965353403;0;0.965353403;0.260945987;0;0;0;1
0.4;-7.396265383;10.1761854;0;0.261031793;-0.965330204;0;0.965330204;0.261031793;0;0;0;1
0.41;-7.393654636;10.16653222;0;0.261117682;-0.965306975;0;0.965306975;0.261117682;0;0;0;1
0.42;-7.391043029;10.15687926;0;0.261203652;-0.965283716;0;0.965283716;0.261203652;0;0;0;1
0.43;-7.388430562;10.14722654;0;0.261289708;-0.965260425;0;0.965260425;0.261289708;0;0;0;1
0.44;-7.385817235;10.13757406;0;0.261375844;-0.965237105;0;0.965237105;0.261375844;0;0;0;1
0.45;-7.383203045;10.1279218;0;0.261462065;-0.965213753;0;0.965213753;0.261462065;0;0;0;1
0.46;-7.380587993;10.11826978;0;0.261548369;-0.96519037;0;0.96519037;0.261548369;0;0;0;1
0.47;-7.377972078;10.10861799;0;0.261634755;-0.965166957;0;0.965166957;0.261634755;0;0;0;1
0.48;-7.375355298;10.09896644;0;0.261721227;-0.965143512;0;0.965143512;0.261721227;0;0;0;1
0.49;-7.372737653;10.08931512;0;0.261807781;-0.965120037;0;0.965120037;0.261807781;0;0;0;1
0.5;-7.370119142;10.07966404;0;0.261894418;-0.965096531;0;0.965096531;0.261894418;0;0;0;1
0.51;-7.367499764;10.07001319;0;0.261981142;-0.965072993;0;0.965072993;0.261981142;0;0;0;1
0.52;-7.364879519;10.06036258;0;0.262067947;-0.965049424;0;0.965049424;0.262067947;0;0;0;1
0.53;-7.362258405;10.05071221;0;0.262154838;-0.965025824;0;0.965025824;0.262154838;0;0;0;1
0.54;-7.359636422;10.04106207;0;0.262241813;-0.965002193;0;0.965002193;0.262241813;0;0;0;1
0.55;-7.357013569;10.03141216;0;0.262328871;-0.96497853;0;0.96497853;0.262328871;0;0;0;1
0.56;-7.354389844;10.02176249;0;0.262416016;-0.964954835;0;0.964954835;0.262416016;0;0;0;1
0.57;-7.351765248;10.01211307;0;0.262503244;-0.96493111;0;0.96493111;0.262503244;0;0;0;1
0.58;-7.349139779;10.00246387;0;0.262590557;-0.964907353;0;0.964907353;0.262590557;0;0;0;1
0.59;-7.346513437;9.992814918;0;0.262677957;-0.964883563;0;0.964883563;0.262677957;0;0;0;1
0.6;-7.34388622;9.983166202;0;0.26276544;-0.964859743;0;0.964859743;0.26276544;0;0;0;1
0.61;-7.341258127;9.973517724;0;0.262853009;-0.96483589;0;0.96483589;0.262853009;0;0;0;1
0.62;-7.338629159;9.963869484;0;0.262940664;-0.964812006;0;0.964812006;0.262940664;0;0;0;1
0.63;-7.335999314;9.954221483;0;0.263028403;-0.96478809;0;0.96478809;0.263028403;0;0;0;1
0.64;-7.333368591;9.944573722;0;0.26311623;-0.964764142;0;0.964764142;0.26311623;0;0;0;1
0.65;-7.330736989;9.934926201;0;0.263204141;-0.964740162;0;0.964740162;0.263204141;0;0;0;1
0.66;-7.328104508;9.925278919;0;0.263292138;-0.96471615;0;0.96471615;0.263292138;0;0;0;1
0.67;-7.325471146;9.915631878;0;0.263380223;-0.964692105;0;0.964692105;0.263380223;0;0;0;1
0.68;-7.322836903;9.905985077;0;0.263468392;-0.964668029;0;0.964668029;0.263468392;0;0;0;1
0.69;-7.320201778;9.896338517;0;0.263556649;-0.96464392;0;0.96464392;0.263556649;0;0;0;1
0.7;-7.31756577;9.886692199;0;0.263644992;-0.964619779;0;0.964619779;0.263644992;0;0;0;1
0.71;-7.314928878;9.877046122;0;0.263733421;-0.964595606;0;0.964595606;0.263733421;0;0;0;1
0.72;-7.312291101;9.867400287;0;0.263821938;-0.9645714;0;0.9645714;0.263821938;0;0;0;1
0.73;-7.309652439;9.857754694;0;0.263910542;-0.964547161;0;0.964547161;0.263910542;0;0;0;1
0.74;-7.30701289;9.848109344;0;0.263999231;-0.96452289;0;0.96452289;0.263999231;0;0;0;1
0.75;-7.304372454;9.838464236;0;0.26408801;-0.964498586;0;0.964498586;0.26408801;0;0;0;1
0.76;-7.30173113;9.828819372;0;0.264176875;-0.96447425;0;0.96447425;0.264176875;0;0;0;1
0.77;-7.299088916;9.819174751;0;0.264265827;-0.964449881;0;0.964449881;0.264265827;0;0;0;1
0.78;-7.296445813;9.809530375;0;0.264354868;-0.964425479;0;0.964425479;0.264354868;0;0;0;1
0.79;-7.293801819;9.799886242;0;0.264443996;-0.964401044;0;0.964401044;0.264443996;0;0;0;1
0.8;-7.291156933;9.790242354;0;0.264533211;-0.964376576;0;0.964376576;0.264533211;0;0;0;1
0.81;-7.288511154;9.780598711;0;0.264622516;-0.964352075;0;0.964352075;0.264622516;0;0;0;1
0.82;-7.285864482;9.770955312;0;0.264711908;-0.964327541;0;0.964327541;0.264711908;0;0;0;1
0.83;-7.283216916;9.76131216;0;0.264801389;-0.964302973;0;0.964302973;0.264801389;0;0;0;1
0.84;-7.280568454;9.751669253;0;0.264890959;-0.964278373;0;0.964278373;0.264890959;0;0;0;1
0.85;-7.277919096;9.742026592;0;0.264980616;-0.964253739;0;0.964253739;0.264980616;0;0;0;1
0.86;-7.275268841;9.732384178;0;0.265070363;-0.964229072;0;0.964229072;0.265070363;0;0;0;1
0.87;-7.272617689;9.722742011;0;0.265160199;-0.964204371;0;0.964204371;0.265160199;0;0;0;1
0.88;-7.269965637;9.713100091;0;0.265250123;-0.964179637;0;0.964179637;0.265250123;0;0;0;1
0.89;-7.267312686;9.703458418;0;0.265340138;-0.964154869;0;0.964154869;0.265340138;0;0;0;1
0.9;-7.264658834;9.693816994;0;0.265430241;-0.964130067;0;0.964130067;0.265430241;0;0;0;1
0.91;-7.262004081;9.684175817;0;0.265520433;-0.964105233;0;0.964105233;0.265520433;0;0;0;1
0.92;-7.259348425;9.674534889;0;0.265610717;-0.964080363;0;0.964080363;0.265610717;0;0;0;1
0.93;-7.256691866;9.66489421;0;0.265701089;-0.964055461;0;0.964055461;0.265701089;0;0;0;1
0.94;-7.254034403;9.65525378;0;0.26579155;-0.964030524;0;0.964030524;0.26579155;0;0;0;1
0.95;-7.251376035;9.6456136;0;0.265882104;-0.964005553;0;0.964005553;0.265882104;0;0;0;1
0.96;-7.248716761;9.635973669;0;0.265972747;-0.963980549;0;0.963980549;0.265972747;0;0;0;1
0.97;-7.24605658;9.626333989;0;0.266063479;-0.96395551;0;0.96395551;0.266063479;0;0;0;1
0.98;-7.243395491;9.616694559;0;0.266154304;-0.963930437;0;0.963930437;0.266154304;0;0;0;1
0.99;-7.240733493;9.60705538;0;0.266245218;-0.963905329;0;0.963905329;0.266245218;0;0;0;1
1;-7.238070586;9.597416453;0;0.266336223;-0.963880188;0;0.963880188;0.266336223;0;0;0;1
1.01;-7.235406769;9.587777777;0;0.26642732;-0.963855011;0;0.963855011;0.26642732;0;0;0;1
1.02;-7.232742039;9.578139352;0;0.266518507;-0.963829801;0;0.963829801;0.266518507;0;0;0;1
1.03;-7.230076398;9.568501181;0;0.266609785;-0.963804556;0;0.963804556;0.266609785;0;0;0;1
1.04;-7.227409843;9.558863261;0;0.266701157;-0.963779276;0;0.963779276;0.266701157;0;0;0;1
1.05;-7.224742375;9.549225595;0;0.266792618;-0.963753962;0;0.963753962;0.266792618;0;0;0;1
1.06;-7.222073991;9.539588182;0;0.266884171;-0.963728613;0;0.963728613;0.266884171;0;0;0;1
1.07;-7.219404691;9.529951023;0;0.266975818;-0.963703229;0;0.963703229;0.266975818;0;0;0;1
1.08;-7.216734474;9.520314118;0;0.267067555;-0.96367781;0;0.96367781;0.267067555;0;0;0;1
1.09;-7.21406334;9.510677467;0;0.267159384;-0.963652356;0;0.963652356;0.267159384;0;0;0;1
1.1;-7.211391286;9.501041071;0;0.267251307;-0.963626867;0;0.963626867;0.267251307;0;0;0;1
1.11;-7.208718313;9.49140493;0;0.267343321;-0.963601343;0;0.963601343;0.267343321;0;0;0;1
1.12;-7.20604442;9.481769044;0;0.267435428;-0.963575784;0;0.963575784;0.267435428;0;0;0;1
1.13;-7.203369604;9.472133414;0;0.267527629;-0.96355019;0;0.96355019;0.267527629;0;0;0;1
1.14;-7.200693867;9.46249804;0;0.267619922;-0.96352456;0;0.96352456;0.267619922;0;0;0;1
1.15;-7.198017206;9.452862923;0;0.267712307;-0.963498895;0;0.963498895;0.267712307;0;0;0;1
1.16;-7.19533962;9.443228063;0;0.267804788;-0.963473194;0;0.963473194;0.267804788;0;0;0;1
1.17;-7.19266111;9.433593459;0;0.267897361;-0.963447458;0;0.963447458;0.267897361;0;0;0;1
1.18;-7.189981673;9.423959114;0;0.267990026;-0.963421687;0;0.963421687;0.267990026;0;0;0;1
1.19;-7.187301309;9.414325026;0;0.268082787;-0.963395879;0;0.963395879;0.268082787;0;0;0;1
1.2;-7.184620017;9.404691196;0;0.268175642;-0.963370035;0;0.963370035;0.268175642;0;0;0;1
1.21;-7.181937796;9.395057625;0;0.268268589;-0.963344157;0;0.963344157;0.268268589;0;0;0;1
1.22;-7.179254645;9.385424313;0;0.268361632;-0.963318242;0;0.963318242;0.268361632;0;0;0;1
1.23;-7.176570563;9.37579126;0;0.268454769;-0.96329229;0;0.96329229;0.268454769;0;0;0;1
1.24;-7.173885549;9.366158467;0;0.268547999;-0.963266304;0;0.963266304;0.268547999;0;0;0;1
1.25;-7.171199602;9.356525934;0;0.268641326;-0.963240281;0;0.963240281;0.268641326;0;0;0;1
1.26;-7.168512722;9.346893662;0;0.268734747;-0.963214221;0;0.963214221;0.268734747;0;0;0;1
1.27;-7.165824907;9.33726165;0;0.268828262;-0.963188126;0;0.963188126;0.268828262;0;0;0;1
1.28;-7.163136157;9.3276299;0;0.268921873;-0.963161994;0;0.963161994;0.268921873;0;0;0;1
1.29;-7.160446469;9.31799841;0;0.26901558;-0.963135825;0;0.963135825;0.26901558;0;0;0;1
1.3;-7.157755845;9.308367183;0;0.269109382;-0.96310962;0;0.96310962;0.269109382;0;0;0;1
1.31;-7.155064281;9.298736218;0;0.269203278;-0.963083379;0;0.963083379;0.269203278;0;0;0;1
1.32;-7.152371779;9.289105516;0;0.269297273;-0.963057101;0;0.963057101;0.269297273;0;0;0;1
1.33;-7.149678336;9.279475076;0;0.269391362;-0.963030786;0;0.963030786;0.269391362;0;0;0;1
1.34;-7.146983951;9.2698449;0;0.269485546;-0.963004434;0;0.963004434;0.269485546;0;0;0;1
1.35;-7.144288625;9.260214988;0;0.269579828;-0.962978045;0;0.962978045;0.269579828;0;0;0;1
1.36;-7.141592354;9.250585339;0;0.269674207;-0.96295162;0;0.96295162;0.269674207;0;0;0;1
1.37;-7.13889514;9.240955955;0;0.26976868;-0.962925158;0;0.962925158;0.26976868;0;0;0;1
1.38;-7.136196981;9.231326836;0;0.269863252;-0.962898658;0;0.962898658;0.269863252;0;0;0;1
1.39;-7.133497875;9.221697982;0;0.269957921;-0.962872121;0;0.962872121;0.269957921;0;0;0;1
1.4;-7.130797822;9.212069394;0;0.270052686;-0.962845547;0;0.962845547;0.270052686;0;0;0;1
1.41;-7.128096821;9.202441071;0;0.270147548;-0.962818935;0;0.962818935;0.270147548;0;0;0;1
1.42;-7.125394871;9.192813015;0;0.270242509;-0.962792286;0;0.962792286;0.270242509;0;0;0;1
1.43;-7.12269197;9.183185226;0;0.270337566;-0.9627656;0;0.9627656;0.270337566;0;0;0;1
1.44;-7.119988119;9.173557703;0;0.27043272;-0.962738876;0;0.962738876;0.27043272;0;0;0;1
1.45;-7.117283316;9.163930448;0;0.270527975;-0.962712114;0;0.962712114;0.270527975;0;0;0;1
1.46;-7.114577559;9.154303461;0;0.270623326;-0.962685315;0;0.962685315;0.270623326;0;0;0;1
1.47;-7.111870849;9.144676742;0;0.270718775;-0.962658478;0;0.962658478;0.270718775;0;0;0;1
1.48;-7.109163183;9.135050292;0;0.270814323;-0.962631603;0;0.962631603;0.270814323;0;0;0;1
1.49;-7.106454562;9.12542411;0;0.27090997;-0.962604689;0;0.962604689;0.27090997;0;0;0;1
1.5;-7.103744984;9.115798198;0;0.271005715;-0.962577738;0;0.962577738;0.271005715;0;0;0;1
1.51;-7.101034447;9.106172556;0;0.271101558;-0.96255075;0;0.96255075;0.271101558;0;0;0;1
1.52;-7.098322952;9.096547183;0;0.271197502;-0.962523722;0;0.962523722;0.271197502;0;0;0;1
1.53;-7.095610497;9.086922081;0;0.271293545;-0.962496656;0;0.962496656;0.271293545;0;0;0;1
1.54;-7.092897081;9.07729725;0;0.271389686;-0.962469552;0;0.962469552;0.271389686;0;0;0;1
1.55;-7.090182703;9.06767269;0;0.271485927;-0.962442409;0;0.962442409;0.271485927;0;0;0;1
1.56;-7.087467362;9.058048402;0;0.271582269;-0.962415228;0;0.962415228;0.271582269;0;0;0;1
1.57;-7.084751057;9.048424386;0;0.27167871;-0.962388008;0;0.962388008;0.27167871;0;0;0;1
1.58;-7.082033788;9.038800642;0;0.27177525;-0.96236075;0;0.96236075;0.27177525;0;0;0;1
1.59;-7.079315552;9.029177171;0;0.271871893;-0.962333453;0;0.962333453;0.271871893;0;0;0;1
1.6;-7.076596349;9.019553973;0;0.271968635;-0.962306116;0;0.962306116;0.271968635;0;0;0;1
1.61;-7.073876179;9.009931049;0;0.272065476;-0.962278742;0;0.962278742;0.272065476;0;0;0;1
1.62;-7.07115504;9.000308399;0;0.272162419;-0.962251328;0;0.962251328;0.272162419;0;0;0;1
1.63;-7.06843293;8.990686023;0;0.272259464;-0.962223874;0;0.962223874;0.272259464;0;0;0;1
1.64;-7.06570985;8.981063921;0;0.272356609;-0.962196382;0;0.962196382;0.272356609;0;0;0;1
1.65;-7.062985798;8.971442095;0;0.272453854;-0.962168851;0;0.962168851;0.272453854;0;0;0;1
1.66;-7.060260773;8.961820544;0;0.272551203;-0.962141279;0;0.962141279;0.272551203;0;0;0;1
1.67;-7.057534773;8.95219927;0;0.272648653;-0.962113669;0;0.962113669;0.272648653;0;0;0;1
1.68;-7.054807799;8.942578271;0;0.272746204;-0.962086019;0;0.962086019;0.272746204;0;0;0;1
1.69;-7.052079849;8.932957549;0;0.272843857;-0.96205833;0;0.96205833;0.272843857;0;0;0;1
1.7;-7.049350922;8.923337105;0;0.272941613;-0.9620306;0;0.9620306;0.272941613;0;0;0;1
1.71;-7.046621016;8.913716937;0;0.273039471;-0.962002831;0;0.962002831;0.273039471;0;0;0;1
1.72;-7.043890132;8.904097048;0;0.27313743;-0.961975023;0;0.961975023;0.27313743;0;0;0;1
1.73;-7.041158268;8.894477437;0;0.273235494;-0.961947174;0;0.961947174;0.273235494;0;0;0;1
1.74;-7.038425422;8.884858105;0;0.27333366;-0.961919285;0;0.961919285;0.27333366;0;0;0;1
1.75;-7.035691594;8.875239051;0;0.273431929;-0.961891356;0;0.961891356;0.273431929;0;0;0;1
1.76;-7.032956783;8.865620278;0;0.2735303;-0.961863387;0;0.961863387;0.2735303;0;0;0;1
1.77;-7.030220988;8.856001784;0;0.273628776;-0.961835377;0;0.961835377;0.273628776;0;0;0;1
1.78;-7.027484207;8.84638357;0;0.273727355;-0.961807327;0;0.961807327;0.273727355;0;0;0;1
1.79;-7.02474644;8.836765637;0;0.273826038;-0.961779237;0;0.961779237;0.273826038;0;0;0;1
1.8;-7.022007686;8.827147986;0;0.273924823;-0.961751107;0;0.961751107;0.273924823;0;0;0;1
1.81;-7.019267943;8.817530615;0;0.274023715;-0.961722935;0;0.961722935;0.274023715;0;0;0;1
1.82;-7.016527211;8.807913527;0;0.274122711;-0.961694723;0;0.961694723;0.274122711;0;0;0;1
1.83;-7.013785489;8.798296721;0;0.27422181;-0.96166647;0;0.96166647;0.27422181;0;0;0;1
1.84;-7.011042775;8.788680198;0;0.274321013;-0.961638176;0;0.961638176;0.274321013;0;0;0;1
1.85;-7.008299068;8.779063958;0;0.274420323;-0.961609841;0;0.961609841;0.274420323;0;0;0;1
1.86;-7.005554368;8.769448001;0;0.274519737;-0.961581465;0;0.961581465;0.274519737;0;0;0;1
1.87;-7.002808673;8.759832329;0;0.274619256;-0.961553048;0;0.961553048;0.274619256;0;0;0;1
1.88;-7.000061983;8.75021694;0;0.274718879;-0.96152459;0;0.96152459;0.274718879;0;0;0;1
1.89;-6.997314295;8.740601837;0;0.274818611;-0.96149609;0;0.96149609;0.274818611;0;0;0;1
1.9;-6.99456561;8.730987019;0;0.274918447;-0.961467549;0;0.961467549;0.274918447;0;0;0;1
1.91;-6.991815926;8.721372486;0;0.275018387;-0.961438967;0;0.961438967;0.275018387;0;0;0;1
1.92;-6.989065242;8.711758239;0;0.275118435;-0.961410343;0;0.961410343;0.275118435;0;0;0;1
1.93;-6.986313557;8.702144279;0;0.27521859;-0.961381676;0;0.961381676;0.27521859;0;0;0;1
1.94;-6.98356087;8.692530606;0;0.27531885;-0.961352969;0;0.961352969;0.27531885;0;0;0;1
1.95;-6.98080718;8.68291722;0;0.275419217;-0.961324219;0;0.961324219;0.275419217;0;0;0;1
1.96;-6.978052485;8.673304122;0;0.27551969;-0.961295428;0;0.961295428;0.27551969;0;0;0;1
1.97;-6.975296786;8.663691312;0;0.275620272;-0.961266594;0;0.961266594;0.275620272;0;0;0;1
1.98;-6.972540079;8.65407879;0;0.275720961;-0.961237719;0;0.961237719;0.275720961;0;0;0;1
1.99;-6.969782366;8.644466557;0;0.275821756;-0.961208801;0;0.961208801;0.275821756;0;0;0;1
2;-6.967023644;8.634854614;0;0.275922658;-0.961179841;0;0.961179841;0.275922658;0;0;0;1
2.01;-6.964263912;8.625242961;0;0.27602367;-0.961150838;0;0.961150838;0.27602367;0;0;0;1
2.02;-6.96150317;8.615631598;0;0.27612479;-0.961121793;0;0.961121793;0.27612479;0;0;0;1
2.03;-6.958741416;8.606020525;0;0.276226016;-0.961092705;0;0.961092705;0.276226016;0;0;0;1
2.04;-6.95597865;8.596409744;0;0.276327351;-0.961063575;0;0.961063575;0.276327351;0;0;0;1
2.05;-6.953214869;8.586799254;0;0.276428796;-0.961034402;0;0.961034402;0.276428796;0;0;0;1
2.06;-6.950450073;8.577189056;0;0.276530349;-0.961005185;0;0.961005185;0.276530349;0;0;0;1
2.07;-6.947684262;8.56757915;0;0.27663201;-0.960975926;0;0.960975926;0.27663201;0;0;0;1
2.08;-6.944917433;8.557969537;0;0.27673378;-0.960946624;0;0.960946624;0.27673378;0;0;0;1
2.09;-6.942149586;8.548360218;0;0.27683566;-0.960917279;0;0.960917279;0.27683566;0;0;0;1
2.1;-6.939380719;8.538751192;0;0.276937651;-0.96088789;0;0.96088789;0.276937651;0;0;0;1
2.11;-6.936610832;8.52914246;0;0.27703975;-0.960858458;0;0.960858458;0.27703975;0;0;0;1
2.12;-6.933839924;8.519534023;0;0.277141958;-0.960828983;0;0.960828983;0.277141958;0;0;0;1
2.13;-6.931067993;8.509925881;0;0.277244277;-0.960799465;0;0.960799465;0.277244277;0;0;0;1
2.14;-6.928295038;8.500318034;0;0.277346707;-0.960769902;0;0.960769902;0.277346707;0;0;0;1
2.15;-6.925521058;8.490710483;0;0.277449247;-0.960740295;0;0.960740295;0.277449247;0;0;0;1
2.16;-6.922746053;8.481103228;0;0.277551897;-0.960710645;0;0.960710645;0.277551897;0;0;0;1
2.17;-6.91997002;8.47149627;0;0.277654657;-0.960680952;0;0.960680952;0.277654657;0;0;0;1
2.18;-6.917192959;8.461889609;0;0.277757531;-0.960651214;0;0.960651214;0.277757531;0;0;0;1
2.19;-6.914414869;8.452283246;0;0.277860515;-0.960621431;0;0.960621431;0.277860515;0;0;0;1
2.2;-6.911635749;8.442677181;0;0.27796361;-0.960591605;0;0.960591605;0.27796361;0;0;0;1
2.21;-6.908855597;8.433071414;0;0.278066816;-0.960561735;0;0.960561735;0.278066816;0;0;0;1
2.22;-6.906074412;8.423465946;0;0.278170134;-0.96053182;0;0.96053182;0.278170134;0;0;0;1
2.23;-6.903292194;8.413860778;0;0.278273565;-0.96050186;0;0.96050186;0.278273565;0;0;0;1
2.24;-6.90050894;8.404255909;0;0.278377108;-0.960471856;0;0.960471856;0.278377108;0;0;0;1
2.25;-6.897724651;8.394651341;0;0.278480763;-0.960441807;0;0.960441807;0.278480763;0;0;0;1
2.26;-6.894939325;8.385047073;0;0.27858453;-0.960411714;0;0.960411714;0.27858453;0;0;0;1
2.27;-6.89215296;8.375443106;0;0.278688411;-0.960381575;0;0.960381575;0.278688411;0;0;0;1
2.28;-6.889365556;8.365839442;0;0.278792405;-0.960351391;0;0.960351391;0.278792405;0;0;0;1
2.29;-6.886577112;8.356236079;0;0.278896512;-0.960321163;0;0.960321163;0.278896512;0;0;0;1
2.3;-6.883787626;8.346633018;0;0.279000732;-0.960290889;0;0.960290889;0.279000732;0;0;0;1
2.31;-6.880997097;8.337030261;0;0.279105065;-0.96026057;0;0.96026057;0.279105065;0;0;0;1
2.32;-6.878205524;8.327427807;0;0.279209514;-0.960230205;0;0.960230205;0.279209514;0;0;0;1
2.33;-6.875412906;8.317825657;0;0.279314076;-0.960199795;0;0.960199795;0.279314076;0;0;0;1
2.34;-6.872619242;8.308223811;0;0.279418752;-0.96016934;0;0.96016934;0.279418752;0;0;0;1
2.35;-6.869824531;8.29862227;0;0.279523542;-0.960138839;0;0.960138839;0.279523542;0;0;0;1
2.36;-6.867028771;8.289021035;0;0.279628446;-0.960108292;0;0.960108292;0.279628446;0;0;0;1
2.37;-6.864231961;8.279420105;0;0.279733467;-0.960077699;0;0.960077699;0.279733467;0;0;0;1
2.38;-6.861434101;8.269819481;0;0.279838603;-0.960047059;0;0.960047059;0.279838603;0;0;0;1
2.39;-6.858635189;8.260219164;0;0.279943853;-0.960016374;0;0.960016374;0.279943853;0;0;0;1
2.4;-6.855835224;8.250619154;0;0.280049218;-0.959985643;0;0.959985643;0.280049218;0;0;0;1
2.41;-6.853034204;8.241019451;0;0.280154699;-0.959954866;0;0.959954866;0.280154699;0;0;0;1
2.42;-6.850232129;8.231420056;0;0.280260297;-0.959924042;0;0.959924042;0.280260297;0;0;0;1
2.43;-6.847428998;8.22182097;0;0.280366011;-0.959893171;0;0.959893171;0.280366011;0;0;0;1
2.44;-6.844624809;8.212222193;0;0.280471841;-0.959862254;0;0.959862254;0.280471841;0;0;0;1
2.45;-6.841819561;8.202623725;0;0.280577787;-0.95983129;0;0.95983129;0.280577787;0;0;0;1
2.46;-6.839013253;8.193025568;0;0.280683849;-0.95980028;0;0.95980028;0.280683849;0;0;0;1
2.47;-6.836205883;8.18342772;0;0.28079003;-0.959769222;0;0.959769222;0.28079003;0;0;0;1
2.48;-6.833397452;8.173830183;0;0.280896327;-0.959738117;0;0.959738117;0.280896327;0;0;0;1
2.49;-6.830587956;8.164232958;0;0.281002742;-0.959706965;0;0.959706965;0.281002742;0;0;0;1
2.5;-6.827777397;8.154636044;0;0.281109273;-0.959675766;0;0.959675766;0.281109273;0;0;0;1
2.51;-6.824965771;8.145039443;0;0.281215922;-0.95964452;0;0.95964452;0.281215922;0;0;0;1
2.52;-6.822153078;8.135443154;0;0.281322691;-0.959613226;0;0.959613226;0.281322691;0;0;0;1
2.53;-6.819339316;8.125847178;0;0.281429577;-0.959581884;0;0.959581884;0.281429577;0;0;0;1
2.54;-6.816524486;8.116251516;0;0.281536582;-0.959550495;0;0.959550495;0.281536582;0;0;0;1
2.55;-6.813708584;8.106656168;0;0.281643705;-0.959519058;0;0.959519058;0.281643705;0;0;0;1
2.56;-6.810891611;8.097061135;0;0.281750946;-0.959487574;0;0.959487574;0.281750946;0;0;0;1
2.57;-6.808073565;8.087466417;0;0.281858307;-0.959456041;0;0.959456041;0.281858307;0;0;0;1
2.58;-6.805254445;8.077872015;0;0.281965788;-0.95942446;0;0.95942446;0.281965788;0;0;0;1
2.59;-6.802434249;8.068277928;0;0.282073388;-0.959392831;0;0.959392831;0.282073388;0;0;0;1
2.6;-6.799612977;8.058684158;0;0.282181107;-0.959361153;0;0.959361153;0.282181107;0;0;0;1
2.61;-6.796790627;8.049090705;0;0.282288946;-0.959329428;0;0.959329428;0.282288946;0;0;0;1
2.62;-6.793967197;8.03949757;0;0.282396905;-0.959297654;0;0.959297654;0.282396905;0;0;0;1
2.63;-6.791142688;8.029904752;0;0.282504986;-0.95926583;0;0.95926583;0.282504986;0;0;0;1
2.64;-6.788317097;8.020312253;0;0.282613187;-0.959233958;0;0.959233958;0.282613187;0;0;0;1
2.65;-6.785490424;8.010720073;0;0.282721509;-0.959202037;0;0.959202037;0.282721509;0;0;0;1
2.66;-6.782662667;8.001128213;0;0.282829951;-0.959170068;0;0.959170068;0.282829951;0;0;0;1
2.67;-6.779833825;7.991536672;0;0.282938514;-0.959138049;0;0.959138049;0.282938514;0;0;0;1
2.68;-6.777003896;7.981945452;0;0.283047198;-0.959105981;0;0.959105981;0.283047198;0;0;0;1
2.69;-6.77417288;7.972354553;0;0.283156006;-0.959073864;0;0.959073864;0.283156006;0;0;0;1
2.7;-6.771340776;7.962763975;0;0.283264935;-0.959041697;0;0.959041697;0.283264935;0;0;0;1
2.71;-6.768507581;7.953173719;0;0.283373986;-0.959009481;0;0.959009481;0.283373986;0;0;0;1
2.72;-6.765673295;7.943583785;0;0.283483159;-0.958977215;0;0.958977215;0.283483159;0;0;0;1
2.73;-6.762837918;7.933994175;0;0.283592455;-0.958944899;0;0.958944899;0.283592455;0;0;0;1
2.74;-6.760001446;7.924404887;0;0.283701872;-0.958912534;0;0.958912534;0.283701872;0;0;0;1
2.75;-6.75716388;7.914815924;0;0.283811415;-0.958880118;0;0.958880118;0.283811415;0;0;0;1
2.76;-6.754325217;7.905227285;0;0.283921081;-0.958847652;0;0.958847652;0.283921081;0;0;0;1
2.77;-6.751485458;7.895638971;0;0.28403087;-0.958815136;0;0.958815136;0.28403087;0;0;0;1
2.78;-6.7486446;7.886050983;0;0.284140782;-0.95878257;0;0.95878257;0.284140782;0;0;0;1
2.79;-6.745802642;7.87646332;0;0.284250818;-0.958749953;0;0.958749953;0.284250818;0;0;0;1
2.8;-6.742959583;7.866875984;0;0.284360977;-0.958717286;0;0.958717286;0.284360977;0;0;0;1
2.81;-6.740115422;7.857288974;0;0.284471262;-0.958684568;0;0.958684568;0.284471262;0;0;0;1
2.82;-6.737270157;7.847702293;0;0.284581673;-0.958651799;0;0.958651799;0.284581673;0;0;0;1
2.83;-6.734423788;7.838115939;0;0.284692207;-0.958618979;0;0.958618979;0.284692207;0;0;0;1
2.84;-6.731576313;7.828529913;0;0.284802867;-0.958586108;0;0.958586108;0.284802867;0;0;0;1
2.85;-6.72872773;7.818944217;0;0.284913651;-0.958553187;0;0.958553187;0.284913651;0;0;0;1
2.86;-6.725878039;7.80935885;0;0.285024561;-0.958520214;0;0.958520214;0.285024561;0;0;0;1
2.87;-6.723027239;7.799773813;0;0.285135596;-0.958487189;0;0.958487189;0.285135596;0;0;0;1
2.88;-6.720175327;7.790189106;0;0.285246759;-0.958454113;0;0.958454113;0.285246759;0;0;0;1
2.89;-6.717322303;7.78060473;0;0.285358048;-0.958420985;0;0.958420985;0.285358048;0;0;0;1
2.9;-6.714468166;7.771020686;0;0.285469464;-0.958387805;0;0.958387805;0.285469464;0;0;0;1
2.91;-6.711612913;7.761436974;0;0.285581005;-0.958354574;0;0.958354574;0.285581005;0;0;0;1
2.92;-6.708756545;7.751853595;0;0.285692673;-0.958321291;0;0.958321291;0.285692673;0;0;0;1
2.93;-6.705899059;7.742270549;0;0.285804469;-0.958287956;0;0.958287956;0.285804469;0;0;0;1
2.94;-6.703040455;7.732687836;0;0.285916391;-0.958254568;0;0.958254568;0.285916391;0;0;0;1
2.95;-6.700180731;7.723105458;0;0.286028443;-0.958221128;0;0.958221128;0.286028443;0;0;0;1
2.96;-6.697319886;7.713523414;0;0.286140623;-0.958187635;0;0.958187635;0.286140623;0;0;0;1
2.97;-6.694457918;7.703941705;0;0.28625293;-0.95815409;0;0.95815409;0.28625293;0;0;0;1
2.98;-6.691594827;7.694360332;0;0.286365365;-0.958120492;0;0.958120492;0.286365365;0;0;0;1
2.99;-6.688730611;7.684779295;0;0.286477929;-0.958086842;0;0.958086842;0.286477929;0;0;0;1
3;-6.685865268;7.675198595;0;0.286590622;-0.958053138;0;0.958053138;0.286590622;0;0;0;1
3.01;-6.682998798;7.665618233;0;0.286703443;-0.958019382;0;0.958019382;0.286703443;0;0;0;1
3.02;-6.680131199;7.656038208;0;0.286816395;-0.957985572;0;0.957985572;0.286816395;0;0;0;1
3.03;-6.677262469;7.646458522;0;0.286929477;-0.957951708;0;0.957951708;0.286929477;0;0;0;1
3.04;-6.674392609;7.636879174;0;0.287042688;-0.957917791;0;0.957917791;0.287042688;0;0;0;1
3.05;-6.671521615;7.627300166;0;0.287156029;-0.957883821;0;0.957883821;0.287156029;0;0;0;1
3.06;-6.668649488;7.617721498;0;0.287269501;-0.957849797;0;0.957849797;0.287269501;0;0;0;1
3.07;-6.665776225;7.60814317;0;0.287383102;-0.95781572;0;0.95781572;0.287383102;0;0;0;1
3.08;-6.662901825;7.598565184;0;0.287496834;-0.957781588;0;0.957781588;0.287496834;0;0;0;1
3.09;-6.660026288;7.588987539;0;0.287610697;-0.957747402;0;0.957747402;0.287610697;0;0;0;1
3.1;-6.657149611;7.579410236;0;0.287724694;-0.957713162;0;0.957713162;0.287724694;0;0;0;1
3.11;-6.654271794;7.569833275;0;0.287838821;-0.957678867;0;0.957678867;0.287838821;0;0;0;1
3.12;-6.651392834;7.560256658;0;0.28795308;-0.957644519;0;0.957644519;0.28795308;0;0;0;1
3.13;-6.648512732;7.550680385;0;0.288067471;-0.957610115;0;0.957610115;0.288067471;0;0;0;1
3.14;-6.645631484;7.541104456;0;0.288181993;-0.957575657;0;0.957575657;0.288181993;0;0;0;1
3.15;-6.642749091;7.531528872;0;0.288296648;-0.957541144;0;0.957541144;0.288296648;0;0;0;1
3.16;-6.639865551;7.521953634;0;0.288411436;-0.957506576;0;0.957506576;0.288411436;0;0;0;1
3.17;-6.636980862;7.512378741;0;0.288526357;-0.957471953;0;0.957471953;0.288526357;0;0;0;1
3.18;-6.634095023;7.502804195;0;0.288641412;-0.957437275;0;0.957437275;0.288641412;0;0;0;1
3.19;-6.631208033;7.493229996;0;0.288756601;-0.957402541;0;0.957402541;0.288756601;0;0;0;1
3.2;-6.628319891;7.483656144;0;0.288871923;-0.957367752;0;0.957367752;0.288871923;0;0;0;1
3.21;-6.625430595;7.474082641;0;0.28898738;-0.957332907;0;0.957332907;0.28898738;0;0;0;1
3.22;-6.622540143;7.464509486;0;0.28910297;-0.957298006;0;0.957298006;0.28910297;0;0;0;1
3.23;-6.619648535;7.454936681;0;0.289218695;-0.95726305;0;0.95726305;0.289218695;0;0;0;1
3.24;-6.616755769;7.445364225;0;0.289334555;-0.957228037;0;0.957228037;0.289334555;0;0;0;1
3.25;-6.613861843;7.43579212;0;0.289450549;-0.957192969;0;0.957192969;0.289450549;0;0;0;1
3.26;-6.610966757;7.426220366;0;0.289566679;-0.957157844;0;0.957157844;0.289566679;0;0;0;1
3.27;-6.608070509;7.416648964;0;0.289682945;-0.957122663;0;0.957122663;0.289682945;0;0;0;1
3.28;-6.605173098;7.407077913;0;0.289799348;-0.957087424;0;0.957087424;0.289799348;0;0;0;1
3.29;-6.602274522;7.397507215;0;0.289915886;-0.95705213;0;0.95705213;0.289915886;0;0;0;1
3.3;-6.59937478;7.387936871;0;0.290032561;-0.957016778;0;0.957016778;0.290032561;0;0;0;1
3.31;-6.59647387;7.37836688;0;0.290149372;-0.95698137;0;0.95698137;0.290149372;0;0;0;1
3.32;-6.593571792;7.368797243;0;0.290266321;-0.956945904;0;0.956945904;0.290266321;0;0;0;1
3.33;-6.590668543;7.359227962;0;0.290383405;-0.956910381;0;0.956910381;0.290383405;0;0;0;1
3.34;-6.587764123;7.349659036;0;0.290500628;-0.956874801;0;0.956874801;0.290500628;0;0;0;1
3.35;-6.58485853;7.340090466;0;0.290617988;-0.956839164;0;0.956839164;0.290617988;0;0;0;1
3.36;-6.581951763;7.330522253;0;0.290735485;-0.956803469;0;0.956803469;0.290735485;0;0;0;1
3.37;-6.57904382;7.320954397;0;0.290853122;-0.956767716;0;0.956767716;0.290853122;0;0;0;1
3.38;-6.5761347;7.311386899;0;0.290970897;-0.956731904;0;0.956731904;0.290970897;0;0;0;1
3.39;-6.573224402;7.301819759;0;0.291088812;-0.956696035;0;0.956696035;0.291088812;0;0;0;1
3.4;-6.570312924;7.292252978;0;0.291206865;-0.956660108;0;0.956660108;0.291206865;0;0;0;1
3.41;-6.567400264;7.282686557;0;0.291325057;-0.956624122;0;0.956624122;0.291325057;0;0;0;1
3.42;-6.564486422;7.273120496;0;0.291443389;-0.956588078;0;0.956588078;0.291443389;0;0;0;1
3.43;-6.561571396;7.263554796;0;0.291561861;-0.956551975;0;0.956551975;0.291561861;0;0;0;1
3.44;-6.558655184;7.253989457;0;0.291680472;-0.956515814;0;0.956515814;0.291680472;0;0;0;1
3.45;-6.555737786;7.24442448;0;0.291799224;-0.956479594;0;0.956479594;0.291799224;0;0;0;1
3.46;-6.552819199;7.234859865;0;0.291918116;-0.956443314;0;0.956443314;0.291918116;0;0;0;1
3.47;-6.549899423;7.225295613;0;0.292037149;-0.956406976;0;0.956406976;0.292037149;0;0;0;1
3.48;-6.546978456;7.215731726;0;0.292156324;-0.956370578;0;0.956370578;0.292156324;0;0;0;1
3.49;-6.544056296;7.206168202;0;0.29227564;-0.956334121;0;0.956334121;0.29227564;0;0;0;1
3.5;-6.541132943;7.196605043;0;0.292395099;-0.956297603;0;0.956297603;0.292395099;0;0;0;1
3.51;-6.538208394;7.18704225;0;0.292514699;-0.956261026;0;0.956261026;0.292514699;0;0;0;1
3.52;-6.535282648;7.177479823;0;0.292634442;-0.95622439;0;0.95622439;0.292634442;0;0;0;1
3.53;-6.532355705;7.167917763;0;0.292754327;-0.956187693;0;0.956187693;0.292754327;0;0;0;1
3.54;-6.529427561;7.158356069;0;0.292874355;-0.956150936;0;0.956150936;0.292874355;0;0;0;1
3.55;-6.526498217;7.148794744;0;0.292994526;-0.956114119;0;0.956114119;0.292994526;0;0;0;1
3.56;-6.52356767;7.139233787;0;0.29311484;-0.956077241;0;0.956077241;0.29311484;0;0;0;1
3.57;-6.52063592;7.129673199;0;0.293235298;-0.956040302;0;0.956040302;0.293235298;0;0;0;1
3.58;-6.517702964;7.120112981;0;0.2933559;-0.956003303;0;0.956003303;0.2933559;0;0;0;1
3.59;-6.514768801;7.110553134;0;0.293476646;-0.955966243;0;0.955966243;0.293476646;0;0;0;1
3.6;-6.511833431;7.100993657;0;0.293597536;-0.955929122;0;0.955929122;0.293597536;0;0;0;1
3.61;-6.50889685;7.091434551;0;0.293718572;-0.95589194;0;0.95589194;0.293718572;0;0;0;1
3.62;-6.505959059;7.081875818;0;0.293839752;-0.955854696;0;0.955854696;0.293839752;0;0;0;1
3.63;-6.503020055;7.072317458;0;0.293961078;-0.955817391;0;0.955817391;0.293961078;0;0;0;1
3.64;-6.500079837;7.062759471;0;0.29408255;-0.955780024;0;0.955780024;0.29408255;0;0;0;1
3.65;-6.497138403;7.053201857;0;0.294204168;-0.955742595;0;0.955742595;0.294204168;0;0;0;1
3.66;-6.494195753;7.043644619;0;0.294325932;-0.955705104;0;0.955705104;0.294325932;0;0;0;1
3.67;-6.491251884;7.034087755;0;0.294447843;-0.955667551;0;0.955667551;0.294447843;0;0;0;1
3.68;-6.488306795;7.024531268;0;0.2945699;-0.955629936;0;0.955629936;0.2945699;0;0;0;1
3.69;-6.485360486;7.014975157;0;0.294692105;-0.955592258;0;0.955592258;0.294692105;0;0;0;1
3.7;-6.482412953;7.005419423;0;0.294814456;-0.955554518;0;0.955554518;0.294814456;0;0;0;1
3.71;-6.479464196;6.995864067;0;0.294936956;-0.955516715;0;0.955516715;0.294936956;0;0;0;1
3.72;-6.476514213;6.986309089;0;0.295059603;-0.955478849;0;0.955478849;0.295059603;0;0;0;1
3.73;-6.473563003;6.97675449;0;0.295182399;-0.95544092;0;0.95544092;0.295182399;0;0;0;1
3.74;-6.470610565;6.967200271;0;0.295305343;-0.955402928;0;0.955402928;0.295305343;0;0;0;1
3.75;-6.467656896;6.957646432;0;0.295428436;-0.955364872;0;0.955364872;0.295428436;0;0;0;1
3.76;-6.464701996;6.948092973;0;0.295551678;-0.955326753;0;0.955326753;0.295551678;0;0;0;1
3.77;-6.461745862;6.938539897;0;0.295675069;-0.955288571;0;0.955288571;0.295675069;0;0;0;1
3.78;-6.458788494;6.928987202;0;0.29579861;-0.955250324;0;0.955250324;0.29579861;0;0;0;1
3.79;-6.455829889;6.919434891;0;0.295922301;-0.955212014;0;0.955212014;0.295922301;0;0;0;1
3.8;-6.452870047;6.909882962;0;0.296046143;-0.955173639;0;0.955173639;0.296046143;0;0;0;1
3.81;-6.449908966;6.900331418;0;0.296170135;-0.955135201;0;0.955135201;0.296170135;0;0;0;1
3.82;-6.446946644;6.890780258;0;0.296294277;-0.955096697;0;0.955096697;0.296294277;0;0;0;1
3.83;-6.44398308;6.881229484;0;0.296418572;-0.955058129;0;0.955058129;0.296418572;0;0;0;1
3.84;-6.441018272;6.871679096;0;0.296543018;-0.955019497;0;0.955019497;0.296543018;0;0;0;1
3.85;-6.438052219;6.862129094;0;0.296667616;-0.954980799;0;0.954980799;0.296667616;0;0;0;1
3.86;-6.435084919;6.85257948;0;0.296792366;-0.954942036;0;0.954942036;0.296792366;0;0;0;1
3.87;-6.432116371;6.843030254;0;0.296917268;-0.954903208;0;0.954903208;0.296917268;0;0;0;1
3.88;-6.429146574;6.833481416;0;0.297042323;-0.954864314;0;0.954864314;0.297042323;0;0;0;1
3.89;-6.426175524;6.823932968;0;0.297167532;-0.954825355;0;0.954825355;0.297167532;0;0;0;1
3.9;-6.423203223;6.814384909;0;0.297292893;-0.95478633;0;0.95478633;0.297292893;0;0;0;1
3.91;-6.420229666;6.804837242;0;0.297418408;-0.954747239;0;0.954747239;0.297418408;0;0;0;1
3.92;-6.417254854;6.795289965;0;0.297544078;-0.954708082;0;0.954708082;0.297544078;0;0;0;1
3.93;-6.414278784;6.78574308;0;0.297669901;-0.954668859;0;0.954668859;0.297669901;0;0;0;1
3.94;-6.411301455;6.776196588;0;0.297795879;-0.954629569;0;0.954629569;0.297795879;0;0;0;1
3.95;-6.408322866;6.766650489;0;0.297922012;-0.954590213;0;0.954590213;0.297922012;0;0;0;1
3.96;-6.405343015;6.757104784;0;0.2980483;-0.95455079;0;0.95455079;0.2980483;0;0;0;1
3.97;-6.4023619;6.747559473;0;0.298174743;-0.9545113;0;0.9545113;0.298174743;0;0;0;1
3.98;-6.399379519;6.738014558;0;0.298301343;-0.954471743;0;0.954471743;0.298301343;0;0;0;1
3.99;-6.396395872;6.728470039;0;0.298428098;-0.954432119;0;0.954432119;0.298428098;0;0;0;1
4;-6.393410957;6.718925916;0;0.29855501;-0.954392428;0;0.954392428;0.29855501;0;0;0;1
4.01;-6.390424772;6.70938219;0;0.298682078;-0.954352669;0;0.954352669;0.298682078;0;0;0;1
4.02;-6.387437315;6.699838863;0;0.298809304;-0.954312842;0;0.954312842;0.298809304;0;0;0;1
4.03;-6.384448585;6.690295934;0;0.298936687;-0.954272947;0;0.954272947;0.298936687;0;0;0;1
4.04;-6.381458581;6.680753404;0;0.299064228;-0.954232984;0;0.954232984;0.299064228;0;0;0;1
4.05;-6.3784673;6.671211274;0;0.299191927;-0.954192953;0;0.954192953;0.299191927;0;0;0;1
4.06;-6.375474742;6.661669545;0;0.299319784;-0.954152853;0;0.954152853;0.299319784;0;0;0;1
4.07;-6.372480904;6.652128217;0;0.2994478;-0.954112685;0;0.954112685;0.2994478;0;0;0;1
4.08;-6.369485785;6.642587292;0;0.299575975;-0.954072448;0;0.954072448;0.299575975;0;0;0;1
4.09;-6.366489384;6.633046769;0;0.299704309;-0.954032142;0;0.954032142;0.299704309;0;0;0;1
4.1;-6.363491698;6.623506649;0;0.299832802;-0.953991767;0;0.953991767;0.299832802;0;0;0;1
4.11;-6.360492727;6.613966934;0;0.299961456;-0.953951322;0;0.953951322;0.299961456;0;0;0;1
4.12;-6.357492469;6.604427623;0;0.30009027;-0.953910808;0;0.953910808;0.30009027;0;0;0;1
4.13;-6.354490921;6.594888718;0;0.300219245;-0.953870224;0;0.953870224;0.300219245;0;0;0;1
4.14;-6.351488083;6.585350219;0;0.30034838;-0.953829571;0;0.953829571;0.30034838;0;0;0;1
4.15;-6.348483953;6.575812126;0;0.300477677;-0.953788847;0;0.953788847;0.300477677;0;0;0;1
4.16;-6.345478529;6.566274442;0;0.300607135;-0.953748054;0;0.953748054;0.300607135;0;0;0;1
4.17;-6.34247181;6.556737166;0;0.300736756;-0.95370719;0;0.95370719;0.300736756;0;0;0;1
4.18;-6.339463794;6.547200298;0;0.300866538;-0.953666255;0;0.953666255;0.300866538;0;0;0;1
4.19;-6.336454479;6.537663841;0;0.300996483;-0.95362525;0;0.95362525;0.300996483;0;0;0;1
4.2;-6.333443864;6.528127793;0;0.301126592;-0.953584173;0;0.953584173;0.301126592;0;0;0;1
4.21;-6.330431947;6.518592157;0;0.301256863;-0.953543026;0;0.953543026;0.301256863;0;0;0;1
4.22;-6.327418726;6.509056933;0;0.301387298;-0.953501807;0;0.953501807;0.301387298;0;0;0;1
4.23;-6.3244042;6.499522121;0;0.301517896;-0.953460517;0;0.953460517;0.301517896;0;0;0;1
4.24;-6.321388367;6.489987723;0;0.301648659;-0.953419156;0;0.953419156;0.301648659;0;0;0;1
4.25;-6.318371226;6.480453739;0;0.301779587;-0.953377722;0;0.953377722;0.301779587;0;0;0;1
4.26;-6.315352775;6.470920169;0;0.30191068;-0.953336216;0;0.953336216;0.30191068;0;0;0;1
4.27;-6.312333012;6.461387014;0;0.302041937;-0.953294639;0;0.953294639;0.302041937;0;0;0;1
4.28;-6.309311936;6.451854276;0;0.302173361;-0.953252989;0;0.953252989;0.302173361;0;0;0;1
4.29;-6.306289545;6.442321955;0;0.30230495;-0.953211266;0;0.953211266;0.30230495;0;0;0;1
4.3;-6.303265836;6.432790051;0;0.302436706;-0.95316947;0;0.95316947;0.302436706;0;0;0;1
4.31;-6.30024081;6.423258566;0;0.302568628;-0.953127602;0;0.953127602;0.302568628;0;0;0;1
4.32;-6.297214463;6.413727499;0;0.302700717;-0.95308566;0;0.95308566;0.302700717;0;0;0;1
4.33;-6.294186795;6.404196853;0;0.302832973;-0.953043646;0;0.953043646;0.302832973;0;0;0;1
4.34;-6.291157803;6.394666627;0;0.302965397;-0.953001557;0;0.953001557;0.302965397;0;0;0;1
4.35;-6.288127487;6.385136822;0;0.303097989;-0.952959395;0;0.952959395;0.303097989;0;0;0;1
4.36;-6.285095843;6.375607439;0;0.30323075;-0.952917159;0;0.952917159;0.30323075;0;0;0;1
4.37;-6.282062871;6.366078479;0;0.303363679;-0.952874849;0;0.952874849;0.303363679;0;0;0;1
