t;c.x;c.y;c.z;t.x;t.y;t.z;n.x;n.y;n.z;b.x;b.y;b.z
0;-7;17.186576;0;0.074370472;-0.997230682;0;0.997230682;0.074370472;0;0;0;1
0.01;-6.999256168;17.1766037;0;0.0743958;-0.997228793;0;0.997228793;0.0743958;0;0;0;1
0.02;-6.998512084;17.16663142;0;0.074421146;-0.997226901;0;0.997226901;0.074421146;0;0;0;1
0.03;-6.997767746;17.15665916;0;0.07444651;-0.997225008;0;0.997225008;0.07444651;0;0;0;1
0.04;-6.997023154;17.14668692;0;0.074471893;-0.997223113;0;0.997223113;0.074471893;0;0;0;1
0.05;-6.996278308;17.1367147;0;0.074497303;-0.997221215;0;0.997221215;0.074497303;0;0;0;1
0.06;-6.995533208;17.1267425;0;0.07452273;-0.997219315;0;0.997219315;0.07452273;0;0;0;1
0.07;-6.994787853;17.11677032;0;0.074548176;-0.997217413;0;0.997217413;0.074548176;0;0;0;1
0.08;-6.994042244;17.10679815;0;0.074573642;-0.997215509;0;0.997215509;0.074573642;0;0;0;1
0.09;-6.993296381;17.09682601;0;0.074599134;-0.997213603;0;0.997213603;0.074599134;0;0;0;1
0.1;-6.992550262;17.08685388;0;0.074624643;-0.997211694;0;0.997211694;0.074624643;0;0;0;1
0.11;-6.991803887;17.07688177;0;0.074650172;-0.997209783;0;0.997209783;0.074650172;0;0;0;1
0.12;-6.991057258;17.06690968;0;0.07467572;-0.99720787;0;0.99720787;0.07467572;0;0;0;1
0.13;-6.990310373;17.05693761;0;0.074701294;-0.997205955;0;0.997205955;0.074701294;0;0;0;1
0.14;-6.989563233;17.04696556;0;0.074726887;-0.997204037;0;0.997204037;0.074726887;0;0;0;1
0.15;-6.988815836;17.03699353;0;0.074752498;-0.997202118;0;0.997202118;0.074752498;0;0;0;1
0.16;-6.988068182;17.02702152;0;0.07477813;-0.997200196;0;0.997200196;0.07477813;0;0;0;1
0.17;-6.987320272;17.01704953;0;0.074803787;-0.997198272;0;0.997198272;0.074803787;0;0;0;1
0.18;-6.986572106;17.00707756;0;0.074829462;-0.997196346;0;0.997196346;0.074829462;0;0;0;1
0.19;-6.985823683;16.9971056;0;0.074855156;-0.997194417;0;0.997194417;0.074855156;0;0;0;1
0.2;-6.985075004;16.98713367;0;0.074880872;-0.997192486;0;0.997192486;0.074880872;0;0;0;1
0.21;-6.984326066;16.97716175;0;0.074906612;-0.997190553;0;0.997190553;0.074906612;0;0;0;1
0.22;-6.983576871;16.96718986;0;0.074932372;-0.997188618;0;0.997188618;0.074932372;0;0;0;1
0.23;-6.982827419;16.95721798;0;0.074958149;-0.997186681;0;0.997186681;0.074958149;0;0;0;1
0.24;-6.982077708;16.94724612;0;0.074983948;-0.997184741;0;0.997184741;0.074983948;0;0;0;1
0.25;-6.98132774;16.93727429;0;0.075009773;-0.997182799;0;0.997182799;0.075009773;0;0;0;1
0.26;-6.980577513;16.92730247;0;0.075035616;-0.997180854;0;0.997180854;0.075035616;0;0;0;1
0.27;-6.979827028;16.91733067;0;0.075061478;-0.997178908;0;0.997178908;0.075061478;0;0;0;1
0.28;-6.979076283;16.90735889;0;0.075087361;-0.997176959;0;0.997176959;0.075087361;0;0;0;1
0.29;-6.97832528;16.89738713;0;0.07511327;-0.997175008;0;0.997175008;0.07511327;0;0;0;1
0.3;-6.977574018;16.88741539;0;0.075139198;-0.997173055;0;0.997173055;0.075139198;0;0;0;1
0.31;-6.976822496;16.87744367;0;0.075165144;-0.997171099;0;0.997171099;0.075165144;0;0;0;1
0.32;-6.976070715;16.86747197;0;0.075191112;-0.997169141;0;0.997169141;0.075191112;0;0;0;1
0.33;-6.975318674;16.85750029;0;0.075217106;-0.997167181;0;0.997167181;0.075217106;0;0;0;1
0.34;-6.974566373;16.84752862;0;0.075243119;-0.997165219;0;0.997165219;0.075243119;0;0;0;1
0.35;-6.973813811;16.83755698;0;0.07526915;-0.997163254;0;0.997163254;0.07526915;0;0;0;1
0.36;-6.97306099;16.82758536;0;0.075295203;-0.997161287;0;0.997161287;0.075295203;0;0;0;1
0.37;-6.972307907;16.81761376;0;0.075321282;-0.997159318;0;0.997159318;0.075321282;0;0;0;1
0.38;-6.971554564;16.80764217;0;0.07534738;-0.997157346;0;0.997157346;0.07534738;0;0;0;1
0.39;-6.97080096;16.79767061;0;0.075373497;-0.997155372;0;0.997155372;0.075373497;0;0;0;1
0.4;-6.970047094;16.78769907;0;0.075399635;-0.997153396;0;0.997153396;0.075399635;0;0;0;1
0.41;-6.969292967;16.77772754;0;0.0754258;-0.997151417;0;0.997151417;0.0754258;0;0;0;1
0.42;-6.968538578;16.76775604;0;0.075451984;-0.997149436;0;0.997149436;0.075451984;0;0;0;1
0.43;-6.967783927;16.75778455;0;0.075478187;-0.997147453;0;0.997147453;0.075478187;0;0;0;1
0.44;-6.967029015;16.74781309;0;0.07550441;-0.997145468;0;0.997145468;0.07550441;0;0;0;1
0.45;-6.966273839;16.73784164;0;0.075530661;-0.99714348;0;0.99714348;0.075530661;0;0;0;1
0.46;-6.965518401;16.72787022;0;0.075556932;-0.997141489;0;0.997141489;0.075556932;0;0;0;1
0.47;-6.964762701;16.71789881;0;0.075583222;-0.997139497;0;0.997139497;0.075583222;0;0;0;1
0.48;-6.964006737;16.70792743;0;0.075609531;-0.997137502;0;0.997137502;0.075609531;0;0;0;1
0.49;-6.96325051;16.69795606;0;0.075635869;-0.997135505;0;0.997135505;0.075635869;0;0;0;1
0.5;-6.962494019;16.68798472;0;0.075662226;-0.997133505;0;0.997133505;0.075662226;0;0;0;1
0.51;-6.961737265;16.67801339;0;0.075688603;-0.997131504;0;0.997131504;0.075688603;0;0;0;1
0.52;-6.960980247;16.66804209;0;0.075714999;-0.9971295;0;0.9971295;0.075714999;0;0;0;1
0.53;-6.960222965;16.6580708;0;0.075741423;-0.997127493;0;0.997127493;0.075741423;0;0;0;1
0.54;-6.959465419;16.64809954;0;0.075767868;-0.997125484;0;0.997125484;0.075767868;0;0;0;1
0.55;-6.958707608;16.63812829;0;0.075794332;-0.997123472;0;0.997123472;0.075794332;0;0;0;1
0.56;-6.957949532;16.62815707;0;0.075820816;-0.997121459;0;0.997121459;0.075820816;0;0;0;1
0.57;-6.957191192;16.61818586;0;0.075847327;-0.997119443;0;0.997119443;0.075847327;0;0;0;1
0.58;-6.956432586;16.60821468;0;0.075873859;-0.997117424;0;0.997117424;0.075873859;0;0;0;1
0.59;-6.955673715;16.59824352;0;0.075900411;-0.997115403;0;0.997115403;0.075900411;0;0;0;1
0.6;-6.954914577;16.58827237;0;0.075926983;-0.99711338;0;0.99711338;0.075926983;0;0;0;1
0.61;-6.954155175;16.57830125;0;0.075953581;-0.997111355;0;0.997111355;0.075953581;0;0;0;1
0.62;-6.953395506;16.56833014;0;0.075980202;-0.997109326;0;0.997109326;0.075980202;0;0;0;1
0.63;-6.952635571;16.55835906;0;0.076006843;-0.997107296;0;0.997107296;0.076006843;0;0;0;1
0.64;-6.951875369;16.548388;0;0.076033503;-0.997105263;0;0.997105263;0.076033503;0;0;0;1
0.65;-6.951114901;16.53841696;0;0.076060188;-0.997103228;0;0.997103228;0.076060188;0;0;0;1
0.66;-6.950354165;16.52844593;0;0.076086898;-0.99710119;0;0.99710119;0.076086898;0;0;0;1
0.67;-6.949593163;16.51847493;0;0.076113627;-0.99709915;0;0.99709915;0.076113627;0;0;0;1
0.68;-6.948831893;16.50850395;0;0.076140377;-0.997097108;0;0.997097108;0.076140377;0;0;0;1
0.69;-6.948070355;16.49853299;0;0.07616715;-0.997095063;0;0.997095063;0.07616715;0;0;0;1
0.7;-6.94730855;16.48856205;0;0.076193949;-0.997093016;0;0.997093016;0.076193949;0;0;0;1
0.71;-6.946546476;16.47859113;0;0.076220768;-0.997090966;0;0.997090966;0.076220768;0;0;0;1
0.72;-6.945784134;16.46862023;0;0.076247607;-0.997088914;0;0.997088914;0.076247607;0;0;0;1
0.73;-6.945021524;16.45864935;0;0.076274468;-0.99708686;0;0.99708686;0.076274468;0;0;0;1
0.74;-6.944258645;16.44867849;0;0.076301357;-0.997084802;0;0.997084802;0.076301357;0;0;0;1
0.75;-6.943495497;16.43870766;0;0.076328266;-0.997082743;0;0.997082743;0.076328266;0;0;0;1
0.76;-6.94273208;16.42873684;0;0.076355195;-0.997080681;0;0.997080681;0.076355195;0;0;0;1
0.77;-6.941968393;16.41876604;0;0.076382145;-0.997078617;0;0.997078617;0.076382145;0;0;0;1
0.78;-6.941204437;16.40879527;0;0.076409123;-0.99707655;0;0.99707655;0.076409123;0;0;0;1
0.79;-6.940440211;16.39882451;0;0.076436123;-0.99707448;0;0.99707448;0.076436123;0;0;0;1
0.8;-6.939675714;16.38885378;0;0.076463143;-0.997072408;0;0.997072408;0.076463143;0;0;0;1
0.81;-6.938910948;16.37888306;0;0.076490184;-0.997070334;0;0.997070334;0.076490184;0;0;0;1
0.82;-6.93814591;16.36891237;0;0.076517251;-0.997068258;0;0.997068258;0.076517251;0;0;0;1
0.83;-6.937380602;16.3589417;0;0.076544342;-0.997066178;0;0.997066178;0.076544342;0;0;0;1
0.84;-6.936615024;16.34897105;0;0.076571453;-0.997064097;0;0.997064097;0.076571453;0;0;0;1
0.85;-6.935849174;16.33900042;0;0.076598585;-0.997062013;0;0.997062013;0.076598585;0;0;0;1
0.86;-6.935083052;16.32902981;0;0.076625741;-0.997059926;0;0.997059926;0.076625741;0;0;0;1
0.87;-6.934316659;16.31905922;0;0.076652923;-0.997057837;0;0.997057837;0.076652923;0;0;0;1
0.88;-6.933549994;16.30908865;0;0.076680126;-0.997055745;0;0.997055745;0.076680126;0;0;0;1
0.89;-6.932783056;16.2991181;0;0.07670735;-0.997053651;0;0.997053651;0.07670735;0;0;0;1
0.9;-6.932015846;16.28914758;0;0.076734595;-0.997051554;0;0.997051554;0.076734595;0;0;0;1
0.91;-6.931248364;16.27917707;0;0.076761869;-0.997049455;0;0.997049455;0.076761869;0;0;0;1
0.92;-6.930480609;16.26920659;0;0.076789164;-0.997047353;0;0.997047353;0.076789164;0;0;0;1
0.93;-6.929712581;16.25923612;0;0.076816481;-0.997045249;0;0.997045249;0.076816481;0;0;0;1
0.94;-6.92894428;16.24926568;0;0.076843818;-0.997043142;0;0.997043142;0.076843818;0;0;0;1
0.95;-6.928175704;16.23929526;0;0.076871182;-0.997041033;0;0.997041033;0.076871182;0;0;0;1
0.96;-6.927406856;16.22932486;0;0.07689857;-0.997038921;0;0.997038921;0.07689857;0;0;0;1
0.97;-6.926637733;16.21935448;0;0.076925979;-0.997036807;0;0.997036807;0.076925979;0;0;0;1
0.98;-6.925868336;16.20938413;0;0.076953409;-0.99703469;0;0.99703469;0.076953409;0;0;0;1
0.99;-6.925098665;16.19941379;0;0.076980864;-0.99703257;0;0.99703257;0.076980864;0;0;0;1
1;-6.924328719;16.18944347;0;0.077008345;-0.997030448;0;0.997030448;0.077008345;0;0;0;1
1.01;-6.923558498;16.17947318;0;0.077035848;-0.997028324;0;0.997028324;0.077035848;0;0;0;1
1.02;-6.922788002;16.16950291;0;0.077063371;-0.997026197;0;0.997026197;0.077063371;0;0;0;1
1.03;-6.922017231;16.15953266;0;0.077090917;-0.997024067;0;0.997024067;0.077090917;0;0;0;1
1.04;-6.921246184;16.14956243;0;0.077118492;-0.997021935;0;0.997021935;0.077118492;0;0;0;1
1.05;-6.920474861;16.13959222;0;0.077146088;-0.9970198;0;0.9970198;0.077146088;0;0;0;1
1.06;-6.919703262;16.12962203;0;0.077173706;-0.997017662;0;0.997017662;0.077173706;0;0;0;1
1.07;-6.918931386;16.11965186;0;0.077201345;-0.997015523;0;0.997015523;0.077201345;0;0;0;1
1.08;-6.918159235;16.10968172;0;0.077229011;-0.99701338;0;0.99701338;0.077229011;0;0;0;1
1.09;-6.917386807;16.0997116;0;0.077256702;-0.997011235;0;0.997011235;0.077256702;0;0;0;1
1.1;-6.916614101;16.0897415;0;0.077284414;-0.997009087;0;0.997009087;0.077284414;0;0;0;1
1.11;-6.915841118;16.07977142;0;0.077312148;-0.997006937;0;0.997006937;0.077312148;0;0;0;1
1.12;-6.915067858;16.06980136;0;0.077339906;-0.997004784;0;0.997004784;0.077339906;0;0;0;1
1.13;-6.91429432;16.05983132;0;0.077367692;-0.997002628;0;0.997002628;0.077367692;0;0;0;1
1.14;-6.913520504;16.0498613;0;0.077395499;-0.99700047;0;0.99700047;0.077395499;0;0;0;1
1.15;-6.91274641;16.03989131;0;0.077423328;-0.996998309;0;0.996998309;0.077423328;0;0;0;1
1.16;-6.911972037;16.02992134;0;0.077451179;-0.996996146;0;0.996996146;0.077451179;0;0;0;1
1.17;-6.911197387;16.01995139;0;0.077479059;-0.99699398;0;0.99699398;0.077479059;0;0;0;1
1.18;-6.910422456;16.00998146;0;0.077506962;-0.996991811;0;0.996991811;0.077506962;0;0;0;1
1.19;-6.909647247;16.00001155;0;0.077534887;-0.99698964;0;0.99698964;0.077534887;0;0;0;1
1.2;-6.908871759;15.99004167;0;0.077562833;-0.996987466;0;0.996987466;0.077562833;0;0;0;1
1.21;-6.908095991;15.9800718;0;0.077590806;-0.996985289;0;0.996985289;0.077590806;0;0;0;1
1.22;-6.907319943;15.97010196;0;0.077618805;-0.99698311;0;0.99698311;0.077618805;0;0;0;1
1.23;-6.906543614;15.96013214;0;0.077646826;-0.996980928;0;0.996980928;0.077646826;0;0;0;1
1.24;-6.905767006;15.95016234;0;0.077674869;-0.996978743;0;0.996978743;0.077674869;0;0;0;1
1.25;-6.904990117;15.94019256;0;0.077702934;-0.996976556;0;0.996976556;0.077702934;0;0;0;1
1.26;-6.904212947;15.93022281;0;0.07773103;-0.996974366;0;0.996974366;0.07773103;0;0;0;1
1.27;-6.903435496;15.92025308;0;0.077759148;-0.996972174;0;0.996972174;0.077759148;0;0;0;1
1.28;-6.902657764;15.91028337;0;0.077787289;-0.996969978;0;0.996969978;0.077787289;0;0;0;1
1.29;-6.901879751;15.90031368;0;0.077815451;-0.996967781;0;0.996967781;0.077815451;0;0;0;1
1.3;-6.901101455;15.89034401;0;0.077843639;-0.99696558;0;0.99696558;0.077843639;0;0;0;1
1.31;-6.900322878;15.88037437;0;0.077871855;-0.996963377;0;0.996963377;0.077871855;0;0;0;1
1.32;-6.899544018;15.87040474;0;0.077900093;-0.996961171;0;0.996961171;0.077900093;0;0;0;1
1.33;-6.898764876;15.86043514;0;0.077928353;-0.996958962;0;0.996958962;0.077928353;0;0;0;1
1.34;-6.897985451;15.85046556;0;0.077956635;-0.996956751;0;0.996956751;0.077956635;0;0;0;1
1.35;-6.897205743;15.84049601;0;0.077984949;-0.996954536;0;0.996954536;0.077984949;0;0;0;1
1.36;-6.896425752;15.83052647;0;0.078013285;-0.99695232;0;0.99695232;0.078013285;0;0;0;1
1.37;-6.895645477;15.82055696;0;0.078041643;-0.9969501;0;0.9969501;0.078041643;0;0;0;1
1.38;-6.894864919;15.81058747;0;0.078070024;-0.996947878;0;0.996947878;0.078070024;0;0;0;1
1.39;-6.894084077;15.800618;0;0.078098431;-0.996945653;0;0.996945653;0.078098431;0;0;0;1
1.4;-6.893302951;15.79064856;0;0.078126866;-0.996943425;0;0.996943425;0.078126866;0;0;0;1
1.41;-6.89252154;15.78067914;0;0.078155323;-0.996941195;0;0.996941195;0.078155323;0;0;0;1
1.42;-6.891739844;15.77070973;0;0.078183803;-0.996938961;0;0.996938961;0.078183803;0;0;0;1
1.43;-6.890957863;15.76074036;0;0.078212306;-0.996936726;0;0.996936726;0.078212306;0;0;0;1
1.44;-6.890175598;15.750771;0;0.078240838;-0.996934487;0;0.996934487;0.078240838;0;0;0;1
1.45;-6.889393046;15.74080167;0;0.078269395;-0.996932245;0;0.996932245;0.078269395;0;0;0;1
1.46;-6.88861021;15.73083235;0;0.078297975;-0.996930001;0;0.996930001;0.078297975;0;0;0;1
1.47;-6.887827087;15.72086307;0;0.078326577;-0.996927754;0;0.996927754;0.078326577;0;0;0;1
1.48;-6.887043678;15.7108938;0;0.078355204;-0.996925505;0;0.996925505;0.078355204;0;0;0;1
1.49;-6.886259983;15.70092456;0;0.078383861;-0.996923252;0;0.996923252;0.078383861;0;0;0;1
1.5;-6.885476001;15.69095533;0;0.078412541;-0.996920997;0;0.996920997;0.078412541;0;0;0;1
1.51;-6.884691732;15.68098614;0;0.078441243;-0.996918739;0;0.996918739;0.078441243;0;0;0;1
1.52;-6.883907176;15.67101696;0;0.078469969;-0.996916478;0;0.996916478;0.078469969;0;0;0;1
1.53;-6.883122333;15.66104781;0;0.078498723;-0.996914214;0;0.996914214;0.078498723;0;0;0;1
1.54;-6.882337202;15.65107868;0;0.078527503;-0.996911948;0;0.996911948;0.078527503;0;0;0;1
1.55;-6.881551783;15.64110957;0;0.078556307;-0.996909678;0;0.996909678;0.078556307;0;0;0;1
1.56;-6.880766076;15.63114048;0;0.078585134;-0.996907406;0;0.996907406;0.078585134;0;0;0;1
1.57;-6.87998008;15.62117142;0;0.078613984;-0.996905132;0;0.996905132;0.078613984;0;0;0;1
1.58;-6.879193796;15.61120238;0;0.078642865;-0.996902854;0;0.996902854;0.078642865;0;0;0;1
1.59;-6.878407223;15.60123336;0;0.07867177;-0.996900573;0;0.996900573;0.07867177;0;0;0;1
1.6;-6.877620361;15.59126437;0;0.078700699;-0.99689829;0;0.99689829;0.078700699;0;0;0;1
1.61;-6.876833209;15.5812954;0;0.07872965;-0.996896004;0;0.996896004;0.07872965;0;0;0;1
1.62;-6.876045767;15.57132645;0;0.078758627;-0.996893715;0;0.996893715;0.078758627;0;0;0;1
1.63;-6.875258036;15.56135752;0;0.078787635;-0.996891423;0;0.996891423;0.078787635;0;0;0;1
1.64;-6.874470015;15.55138862;0;0.078816665;-0.996889128;0;0.996889128;0.078816665;0;0;0;1
1.65;-6.873681703;15.54141974;0;0.078845719;-0.99688683;0;0.99688683;0.078845719;0;0;0;1
1.66;-6.872893101;15.53145088;0;0.078874797;-0.99688453;0;0.99688453;0.078874797;0;0;0;1
1.67;-6.872104207;15.52148205;0;0.078903903;-0.996882227;0;0.996882227;0.078903903;0;0;0;1
1.68;-6.871315022;15.51151324;0;0.078933036;-0.99687992;0;0.99687992;0.078933036;0;0;0;1
1.69;-6.870525546;15.50154445;0;0.078962193;-0.996877611;0;0.996877611;0.078962193;0;0;0;1
1.7;-6.869735779;15.49157569;0;0.078991374;-0.9968753;0;0.9968753;0.078991374;0;0;0;1
1.71;-6.868945719;15.48160694;0;0.079020579;-0.996872985;0;0.996872985;0.079020579;0;0;0;1
1.72;-6.868155367;15.47163823;0;0.079049813;-0.996870667;0;0.996870667;0.079049813;0;0;0;1
1.73;-6.867364722;15.46166953;0;0.079079074;-0.996868346;0;0.996868346;0.079079074;0;0;0;1
1.74;-6.866573785;15.45170086;0;0.079108359;-0.996866023;0;0.996866023;0.079108359;0;0;0;1
1.75;-6.865782555;15.44173221;0;0.079137667;-0.996863697;0;0.996863697;0.079137667;0;0;0;1
1.76;-6.864991032;15.43176359;0;0.079166999;-0.996861368;0;0.996861368;0.079166999;0;0;0;1
1.77;-6.864199215;15.42179498;0;0.079196364;-0.996859035;0;0.996859035;0.079196364;0;0;0;1
1.78;-6.863407105;15.4118264;0;0.079225753;-0.9968567;0;0.9968567;0.079225753;0;0;0;1
1.79;-6.8626147;15.40185785;0;0.079255166;-0.996854362;0;0.996854362;0.079255166;0;0;0;1
1.8;-6.861822002;15.39188932;0;0.079284603;-0.996852021;0;0.996852021;0.079284603;0;0;0;1
1.81;-6.861029008;15.38192081;0;0.079314065;-0.996849677;0;0.996849677;0.079314065;0;0;0;1
1.82;-6.86023572;15.37195232;0;0.079343559;-0.99684733;0;0.99684733;0.079343559;0;0;0;1
1.83;-6.859442137;15.36198386;0;0.079373077;-0.99684498;0;0.99684498;0.079373077;0;0;0;1
1.84;-6.858648259;15.35201542;0;0.079402619;-0.996842628;0;0.996842628;0.079402619;0;0;0;1
1.85;-6.857854085;15.34204701;0;0.079432186;-0.996840272;0;0.996840272;0.079432186;0;0;0;1
1.86;-6.857059615;15.33207862;0;0.079461779;-0.996837913;0;0.996837913;0.079461779;0;0;0;1
1.87;-6.856264849;15.32211025;0;0.079491403;-0.996835552;0;0.996835552;0.079491403;0;0;0;1
1.88;-6.855469787;15.31214191;0;0.079521051;-0.996833187;0;0.996833187;0.079521051;0;0;0;1
1.89;-6.854674428;15.30217359;0;0.079550723;-0.996830819;0;0.996830819;0.079550723;0;0;0;1
1.9;-6.853878772;15.29220529;0;0.07958042;-0.996828449;0;0.996828449;0.07958042;0;0;0;1
1.91;-6.853082819;15.28223702;0;0.079610145;-0.996826075;0;0.996826075;0.079610145;0;0;0;1
1.92;-6.852286569;15.27226877;0;0.0796399;-0.996823699;0;0.996823699;0.0796399;0;0;0;1
1.93;-6.851490021;15.26230055;0;0.079669679;-0.996821319;0;0.996821319;0.079669679;0;0;0;1
1.94;-6.850693176;15.25233234;0;0.079699483;-0.996818937;0;0.996818937;0.079699483;0;0;0;1
1.95;-6.849896032;15.24236417;0;0.079729311;-0.996816551;0;0.996816551;0.079729311;0;0;0;1
1.96;-6.849098589;15.23239601;0;0.079759168;-0.996814163;0;0.996814163;0.079759168;0;0;0;1
1.97;-6.848300848;15.22242788;0;0.079789055;-0.996811771;0;0.996811771;0.079789055;0;0;0;1
1.98;-6.847502808;15.21245978;0;0.079818966;-0.996809376;0;0.996809376;0.079818966;0;0;0;1
1.99;-6.846704469;15.2024917;0;0.079848902;-0.996806979;0;0.996806979;0.079848902;0;0;0;1
2;-6.845905831;15.19252364;0;0.079878863;-0.996804578;0;0.996804578;0.079878863;0;0;0;1
2.01;-6.845106891;15.1825556;0;0.079908854;-0.996802175;0;0.996802175;0.079908854;0;0;0;1
2.02;-6.844307653;15.17258759;0;0.079938873;-0.996799768;0;0.996799768;0.079938873;0;0;0;1
2.03;-6.843508115;15.16261961;0;0.079968917;-0.996797358;0;0.996797358;0.079968917;0;0;0;1
2.04;-6.842708275;15.15265165;0;0.079998986;-0.996794945;0;0.996794945;0.079998986;0;0;0;1
2.05;-6.841908135;15.14268371;0;0.080029081;-0.996792529;0;0.996792529;0.080029081;0;0;0;1
2.06;-6.841107693;15.1327158;0;0.080059205;-0.99679011;0;0.99679011;0.080059205;0;0;0;1
2.07;-6.84030695;15.12274791;0;0.080089358;-0.996787688;0;0.996787688;0.080089358;0;0;0;1
2.08;-6.839505906;15.11278004;0;0.080119536;-0.996785263;0;0.996785263;0.080119536;0;0;0;1
2.09;-6.838704559;15.1028122;0;0.08014974;-0.996782835;0;0.996782835;0.08014974;0;0;0;1
2.1;-6.837902911;15.09284439;0;0.080179969;-0.996780403;0;0.996780403;0.080179969;0;0;0;1
2.11;-6.837100961;15.08287659;0;0.080210227;-0.996777969;0;0.996777969;0.080210227;0;0;0;1
2.12;-6.836298707;15.07290883;0;0.080240515;-0.996775531;0;0.996775531;0.080240515;0;0;0;1
2.13;-6.83549615;15.06294108;0;0.080270828;-0.996773091;0;0.996773091;0.080270828;0;0;0;1
2.14;-6.83469329;15.05297336;0;0.080301167;-0.996770647;0;0.996770647;0.080301167;0;0;0;1
2.15;-6.833890126;15.04300567;0;0.080331531;-0.9967682;0;0.9967682;0.080331531;0;0;0;1
2.16;-6.833086659;15.033038;0;0.080361925;-0.99676575;0;0.99676575;0.080361925;0;0;0;1
2.17;-6.832282888;15.02307036;0;0.080392349;-0.996763297;0;0.996763297;0.080392349;0;0;0;1
2.18;-6.831478812;15.01310274;0;0.080422798;-0.996760841;0;0.996760841;0.080422798;0;0;0;1
2.19;-6.830674432;15.00313514;0;0.080453273;-0.996758381;0;0.996758381;0.080453273;0;0;0;1
2.2;-6.829869747;14.99316757;0;0.080483774;-0.996755919;0;0.996755919;0.080483774;0;0;0;1
2.21;-6.829064756;14.98320002;0;0.080514303;-0.996753453;0;0.996753453;0.080514303;0;0;0;1
2.22;-6.828259461;14.9732325;0;0.080544864;-0.996750984;0;0.996750984;0.080544864;0;0;0;1
2.23;-6.827453859;14.963265;0;0.080575451;-0.996748512;0;0.996748512;0.080575451;0;0;0;1
2.24;-6.826647951;14.95329753;0;0.080606063;-0.996746037;0;0.996746037;0.080606063;0;0;0;1
2.25;-6.825841738;14.94333008;0;0.080636701;-0.996743559;0;0.996743559;0.080636701;0;0;0;1
2.26;-6.825035218;14.93336266;0;0.080667367;-0.996741078;0;0.996741078;0.080667367;0;0;0;1
2.27;-6.82422839;14.92339526;0;0.080698066;-0.996738593;0;0.996738593;0.080698066;0;0;0;1
2.28;-6.823421256;14.91342789;0;0.080728791;-0.996736105;0;0.996736105;0.080728791;0;0;0;1
2.29;-6.822613815;14.90346054;0;0.080759541;-0.996733614;0;0.996733614;0.080759541;0;0;0;1
2.3;-6.821806066;14.89349321;0;0.080790318;-0.996731119;0;0.996731119;0.080790318;0;0;0;1
2.31;-6.820998008;14.88352591;0;0.080821121;-0.996728622;0;0.996728622;0.080821121;0;0;0;1
2.32;-6.820189643;14.87355864;0;0.080851959;-0.996726121;0;0.996726121;0.080851959;0;0;0;1
2.33;-6.819380969;14.86359139;0;0.080882823;-0.996723617;0;0.996723617;0.080882823;0;0;0;1
2.34;-6.818571987;14.85362417;0;0.080913713;-0.99672111;0;0.99672111;0.080913713;0;0;0;1
2.35;-6.817762695;14.84365697;0;0.080944629;-0.9967186;0;0.9967186;0.080944629;0;0;0;1
2.36;-6.816953094;14.8336898;0;0.080975572;-0.996716086;0;0.996716086;0.080975572;0;0;0;1
2.37;-6.816143184;14.82372265;0;0.081006548;-0.996713569;0;0.996713569;0.081006548;0;0;0;1
2.38;-6.815332963;14.81375552;0;0.081037552;-0.996711049;0;0.996711049;0.081037552;0;0;0;1
2.39;-6.814522432;14.80378843;0;0.081068582;-0.996708526;0;0.996708526;0.081068582;0;0;0;1
2.4;-6.813711591;14.79382135;0;0.08109964;-0.996705999;0;0.996705999;0.08109964;0;0;0;1
2.41;-6.81290044;14.78385431;0;0.081130724;-0.996703469;0;0.996703469;0.081130724;0;0;0;1
2.42;-6.812088976;14.77388728;0;0.081161838;-0.996700936;0;0.996700936;0.081161838;0;0;0;1
2.43;-6.811277203;14.76392029;0;0.081192983;-0.996698399;0;0.996698399;0.081192983;0;0;0;1
2.44;-6.810465117;14.75395332;0;0.081224155;-0.99669586;0;0.99669586;0.081224155;0;0;0;1
2.45;-6.80965272;14.74398637;0;0.081255354;-0.996693317;0;0.996693317;0.081255354;0;0;0;1
2.46;-6.80884001;14.73401945;0;0.08128658;-0.99669077;0;0.99669077;0.08128658;0;0;0;1
2.47;-6.808026988;14.72405256;0;0.081317834;-0.996688221;0;0.996688221;0.081317834;0;0;0;1
2.48;-6.807213653;14.71408569;0;0.081349122;-0.996685668;0;0.996685668;0.081349122;0;0;0;1
2.49;-6.806400005;14.70411884;0;0.081380436;-0.996683111;0;0.996683111;0.081380436;0;0;0;1
2.5;-6.805586044;14.69415202;0;0.081411778;-0.996680552;0;0.996680552;0.081411778;0;0;0;1
2.51;-6.80477177;14.68418523;0;0.081443147;-0.996677989;0;0.996677989;0.081443147;0;0;0;1
2.52;-6.803957182;14.67421846;0;0.081474543;-0.996675423;0;0.996675423;0.081474543;0;0;0;1
2.53;-6.803142279;14.66425172;0;0.081505972;-0.996672853;0;0.996672853;0.081505972;0;0;0;1
2.54;-6.802327062;14.65428501;0;0.08153743;-0.99667028;0;0.99667028;0.08153743;0;0;0;1
2.55;-6.801511531;14.64431832;0;0.081568916;-0.996667704;0;0.996667704;0.081568916;0;0;0;1
2.56;-6.800695684;14.63435165;0;0.081600429;-0.996665124;0;0.996665124;0.081600429;0;0;0;1
2.57;-6.799879522;14.62438501;0;0.081631969;-0.996662541;0;0.996662541;0.081631969;0;0;0;1
2.58;-6.799063044;14.6144184;0;0.08166354;-0.996659955;0;0.996659955;0.08166354;0;0;0;1
2.59;-6.798246251;14.60445182;0;0.081695143;-0.996657365;0;0.996657365;0.081695143;0;0;0;1
2.6;-6.797429141;14.59448525;0;0.081726774;-0.996654772;0;0.996654772;0.081726774;0;0;0;1
2.61;-6.796611715;14.58451872;0;0.081758432;-0.996652175;0;0.996652175;0.081758432;0;0;0;1
2.62;-6.795793973;14.57455221;0;0.081790118;-0.996649576;0;0.996649576;0.081790118;0;0;0;1
2.63;-6.794975914;14.56458573;0;0.081821831;-0.996646973;0;0.996646973;0.081821831;0;0;0;1
2.64;-6.794157536;14.55461927;0;0.081853579;-0.996644366;0;0.996644366;0.081853579;0;0;0;1
2.65;-6.793338842;14.54465284;0;0.081885356;-0.996641755;0;0.996641755;0.081885356;0;0;0;1
2.66;-6.792519829;14.53468644;0;0.08191716;-0.996639142;0;0.996639142;0.08191716;0;0;0;1
2.67;-6.791700498;14.52472006;0;0.081948992;-0.996636525;0;0.996636525;0.081948992;0;0;0;1
2.68;-6.790880849;14.51475371;0;0.081980852;-0.996633905;0;0.996633905;0.081980852;0;0;0;1
2.69;-6.790060881;14.50478738;0;0.082012743;-0.996631281;0;0.996631281;0.082012743;0;0;0;1
2.7;-6.789240594;14.49482108;0;0.082044667;-0.996628653;0;0.996628653;0.082044667;0;0;0;1
2.71;-6.788419988;14.48485481;0;0.082076619;-0.996626022;0;0.996626022;0.082076619;0;0;0;1
2.72;-6.787599062;14.47488856;0;0.082108599;-0.996623388;0;0.996623388;0.082108599;0;0;0;1
2.73;-6.786777816;14.46492234;0;0.082140607;-0.996620751;0;0.996620751;0.082140607;0;0;0;1
2.74;-6.78595625;14.45495615;0;0.082172643;-0.99661811;0;0.99661811;0.082172643;0;0;0;1
2.75;-6.785134363;14.44498998;0;0.082204714;-0.996615465;0;0.996615465;0.082204714;0;0;0;1
2.76;-6.784312156;14.43502384;0;0.082236814;-0.996612817;0;0.996612817;0.082236814;0;0;0;1
2.77;-6.783489627;14.42505772;0;0.082268943;-0.996610165;0;0.996610165;0.082268943;0;0;0;1
2.78;-6.782666777;14.41509163;0;0.0823011;-0.99660751;0;0.99660751;0.0823011;0;0;0;1
2.79;-6.781843605;14.40512557;0;0.082333285;-0.996604852;0;0.996604852;0.082333285;0;0;0;1
2.8;-6.781020111;14.39515954;0;0.0823655;-0.99660219;0;0.99660219;0.0823655;0;0;0;1
2.81;-6.780196294;14.38519353;0;0.082397751;-0.996599524;0;0.996599524;0.082397751;0;0;0;1
2.82;-6.779372156;14.37522755;0;0.082430029;-0.996596854;0;0.996596854;0.082430029;0;0;0;1
2.83;-6.778547694;14.36526159;0;0.082462336;-0.996594182;0;0.996594182;0.082462336;0;0;0;1
2.84;-6.777722909;14.35529566;0;0.082494672;-0.996591506;0;0.996591506;0.082494672;0;0;0;1
2.85;-6.776897801;14.34532976;0;0.082527037;-0.996588826;0;0.996588826;0.082527037;0;0;0;1
2.86;-6.776072368;14.33536388;0;0.082559433;-0.996586143;0;0.996586143;0.082559433;0;0;0;1
2.87;-6.775246612;14.32539804;0;0.082591863;-0.996583456;0;0.996583456;0.082591863;0;0;0;1
2.88;-6.774420531;14.31543222;0;0.082624322;-0.996580765;0;0.996580765;0.082624322;0;0;0;1
2.89;-6.773594126;14.30546642;0;0.082656809;-0.996578071;0;0.996578071;0.082656809;0;0;0;1
2.9;-6.772767395;14.29550065;0;0.082689326;-0.996575374;0;0.996575374;0.082689326;0;0;0;1
2.91;-6.771940339;14.28553491;0;0.082721871;-0.996572673;0;0.996572673;0.082721871;0;0;0;1
2.92;-6.771112957;14.2755692;0;0.08275445;-0.996569968;0;0.996569968;0.08275445;0;0;0;1
2.93;-6.77028525;14.26560351;0;0.082787061;-0.996567259;0;0.996567259;0.082787061;0;0;0;1
2.94;-6.769457216;14.25563786;0;0.082819701;-0.996564547;0;0.996564547;0.082819701;0;0;0;1
2.95;-6.768628856;14.24567222;0;0.082852371;-0.996561832;0;0.996561832;0.082852371;0;0;0;1
2.96;-6.767800169;14.23570662;0;0.082885069;-0.996559113;0;0.996559113;0.082885069;0;0;0;1
2.97;-6.766971154;14.22574104;0;0.082917797;-0.99655639;0;0.99655639;0.082917797;0;0;0;1
2.98;-6.766141812;14.21577549;0;0.08295056;-0.996553664;0;0.996553664;0.08295056;0;0;0;1
2.99;-6.765312143;14.20580997;0;0.082983354;-0.996550933;0;0.996550933;0.082983354;0;0;0;1
3;-6.764482145;14.19584447;0;0.083016178;-0.9965482;0;0.9965482;0.083016178;0;0;0;1
3.01;-6.763651819;14.185879;0;0.083049031;-0.996545462;0;0.996545462;0.083049031;0;0;0;1
3.02;-6.762821165;14.17591356;0;0.083081913;-0.996542721;0;0.996542721;0.083081913;0;0;0;1
3.03;-6.761990181;14.16594815;0;0.083114825;-0.996539977;0;0.996539977;0.083114825;0;0;0;1
3.04;-6.761158868;14.15598276;0;0.083147774;-0.996537228;0;0.996537228;0.083147774;0;0;0;1
3.05;-6.760327226;14.14601741;0;0.083180753;-0.996534476;0;0.996534476;0.083180753;0;0;0;1
3.06;-6.759495254;14.13605207;0;0.083213761;-0.996531721;0;0.996531721;0.083213761;0;0;0;1
3.07;-6.758662951;14.12608677;0;0.083246799;-0.996528961;0;0.996528961;0.083246799;0;0;0;1
3.08;-6.757830317;14.1161215;0;0.083279867;-0.996526198;0;0.996526198;0.083279867;0;0;0;1
3.09;-6.756997353;14.10615625;0;0.083312965;-0.996523432;0;0.996523432;0.083312965;0;0;0;1
3.1;-6.756164058;14.09619103;0;0.0833461;-0.996520661;0;0.996520661;0.0833461;0;0;0;1
3.11;-6.755330431;14.08622583;0;0.083379265;-0.996517886;0;0.996517886;0.083379265;0;0;0;1
3.12;-6.754496472;14.07626067;0;0.083412461;-0.996515108;0;0.996515108;0.083412461;0;0;0;1
3.13;-6.753662182;14.06629553;0;0.083445686;-0.996512327;0;0.996512327;0.083445686;0;0;0;1
3.14;-6.752827559;14.05633042;0;0.083478941;-0.996509542;0;0.996509542;0.083478941;0;0;0;1
3.15;-6.751992603;14.04636534;0;0.083512227;-0.996506753;0;0.996506753;0.083512227;0;0;0;1
3.16;-6.751157314;14.03640029;0;0.083545549;-0.996503959;0;0.996503959;0.083545549;0;0;0;1
3.17;-6.750321692;14.02643526;0;0.083578903;-0.996501163;0;0.996501163;0.083578903;0;0;0;1
3.18;-6.749485736;14.01647026;0;0.083612287;-0.996498362;0;0.996498362;0.083612287;0;0;0;1
3.19;-6.748649447;14.00650529;0;0.083645701;-0.996495558;0;0.996495558;0.083645701;0;0;0;1
3.2;-6.747812822;13.99654035;0;0.083679145;-0.99649275;0;0.99649275;0.083679145;0;0;0;1
3.21;-6.746975863;13.98657544;0;0.08371262;-0.996489938;0;0.996489938;0.08371262;0;0;0;1
3.22;-6.74613857;13.97661055;0;0.083746132;-0.996487123;0;0.996487123;0.083746132;0;0;0;1
3.23;-6.74530094;13.9666457;0;0.083779675;-0.996484303;0;0.996484303;0.083779675;0;0;0;1
3.24;-6.744462976;13.95668087;0;0.083813249;-0.99648148;0;0.99648148;0.083813249;0;0;0;1
3.25;-6.743624675;13.94671607;0;0.083846854;-0.996478653;0;0.996478653;0.083846854;0;0;0;1
3.26;-6.742786039;13.93675129;0;0.083880489;-0.996475822;0;0.996475822;0.083880489;0;0;0;1
3.27;-6.741947066;13.92678655;0;0.083914156;-0.996472987;0;0.996472987;0.083914156;0;0;0;1
3.28;-6.741107756;13.91682184;0;0.083947858;-0.996470149;0;0.996470149;0.083947858;0;0;0;1
3.29;-6.740268109;13.90685715;0;0.083981593;-0.996467306;0;0.996467306;0.083981593;0;0;0;1
3.3;-6.739428124;13.89689249;0;0.084015359;-0.99646446;0;0.99646446;0.084015359;0;0;0;1
3.31;-6.738587801;13.88692786;0;0.084049156;-0.99646161;0;0.99646161;0.084049156;0;0;0;1
3.32;-6.737747141;13.87696326;0;0.084082984;-0.996458756;0;0.996458756;0.084082984;0;0;0;1
3.33;-6.736906142;13.86699868;0;0.084116843;-0.996455898;0;0.996455898;0.084116843;0;0;0;1
3.34;-6.736064804;13.85703414;0;0.084150737;-0.996453036;0;0.996453036;0.084150737;0;0;0;1
3.35;-6.735223127;13.84706962;0;0.084184666;-0.99645017;0;0.99645017;0.084184666;0;0;0;1
3.36;-6.734381111;13.83710514;0;0.084218626;-0.996447301;0;0.996447301;0.084218626;0;0;0;1
3.37;-6.733538755;13.82714068;0;0.084252617;-0.996444427;0;0.996444427;0.084252617;0;0;0;1
3.38;-6.732696058;13.81717625;0;0.08428664;-0.99644155;0;0.99644155;0.08428664;0;0;0;1
3.39;-6.731853021;13.80721185;0;0.084320694;-0.996438669;0;0.996438669;0.084320694;0;0;0;1
3.4;-6.731009644;13.79724747;0;0.08435478;-0.996435784;0;0.996435784;0.08435478;0;0;0;1
3.41;-6.730165926;13.78728313;0;0.084388904;-0.996432894;0;0.996432894;0.084388904;0;0;0;1
3.42;-6.729321866;13.77731882;0;0.08442306;-0.996430001;0;0.996430001;0.08442306;0;0;0;1
3.43;-6.728477465;13.76735453;0;0.084457247;-0.996427104;0;0.996427104;0.084457247;0;0;0;1
3.44;-6.727632721;13.75739027;0;0.084491466;-0.996424203;0;0.996424203;0.084491466;0;0;0;1
3.45;-6.726787635;13.74742605;0;0.084525717;-0.996421298;0;0.996421298;0.084525717;0;0;0;1
3.46;-6.725942207;13.73746185;0;0.08456;-0.996418389;0;0.996418389;0.08456;0;0;0;1
3.47;-6.725096435;13.72749768;0;0.084594318;-0.996415476;0;0.996415476;0.084594318;0;0;0;1
3.48;-6.72425032;13.71753354;0;0.084628672;-0.996412559;0;0.996412559;0.084628672;0;0;0;1
3.49;-6.723403862;13.70756943;0;0.084663057;-0.996409638;0;0.996409638;0.084663057;0;0;0;1
3.5;-6.72255706;13.69760535;0;0.084697475;-0.996406713;0;0.996406713;0.084697475;0;0;0;1
3.51;-6.721709913;13.68764129;0;0.084731924;-0.996403784;0;0.996403784;0.084731924;0;0;0;1
3.52;-6.720862421;13.67767727;0;0.084766405;-0.996400851;0;0.996400851;0.084766405;0;0;0;1
3.53;-6.720014585;13.66771328;0;0.08480092;-0.996397914;0;0.996397914;0.08480092;0;0;0;1
3.54;-6.719166402;13.65774931;0;0.084835473;-0.996394973;0;0.996394973;0.084835473;0;0;0;1
3.55;-6.718317875;13.64778538;0;0.084870058;-0.996392028;0;0.996392028;0.084870058;0;0;0;1
3.56;-6.717469001;13.63782147;0;0.084904675;-0.996389079;0;0.996389079;0.084904675;0;0;0;1
3.57;-6.716619781;13.62785759;0;0.084939325;-0.996386125;0;0.996386125;0.084939325;0;0;0;1
3.58;-6.715770215;13.61789375;0;0.084974008;-0.996383168;0;0.996383168;0.084974008;0;0;0;1
3.59;-6.714920301;13.60792993;0;0.085008722;-0.996380207;0;0.996380207;0.085008722;0;0;0;1
3.6;-6.71407004;13.59796614;0;0.085043473;-0.996377242;0;0.996377242;0.085043473;0;0;0;1
3.61;-6.713219432;13.58800239;0;0.08507826;-0.996374272;0;0.996374272;0.08507826;0;0;0;1
3.62;-6.712368475;13.57803866;0;0.085113079;-0.996371298;0;0.996371298;0.085113079;0;0;0;1
3.63;-6.71151717;13.56807496;0;0.085147932;-0.99636832;0;0.99636832;0.085147932;0;0;0;1
3.64;-6.710665517;13.55811129;0;0.085182817;-0.996365338;0;0.996365338;0.085182817;0;0;0;1
3.65;-6.709813514;13.54814765;0;0.085217735;-0.996362353;0;0.996362353;0.085217735;0;0;0;1
3.66;-6.708961162;13.53818405;0;0.085252685;-0.996359363;0;0.996359363;0.085252685;0;0;0;1
3.67;-6.70810846;13.52822047;0;0.085287674;-0.996356368;0;0.996356368;0.085287674;0;0;0;1
3.68;-6.707255408;13.51825692;0;0.085322698;-0.99635337;0;0.99635337;0.085322698;0;0;0;1
3.69;-6.706402006;13.5082934;0;0.085357754;-0.996350367;0;0.996350367;0.085357754;0;0;0;1
3.7;-6.705548253;13.49832991;0;0.085392844;-0.99634736;0;0.99634736;0.085392844;0;0;0;1
3.71;-6.704694149;13.48836645;0;0.085427967;-0.996344349;0;0.996344349;0.085427967;0;0;0;1
3.72;-6.703839694;13.47840302;0;0.085463123;-0.996341334;0;0.996341334;0.085463123;0;0;0;1
3.73;-6.702984886;13.46843963;0;0.085498312;-0.996338315;0;0.996338315;0.085498312;0;0;0;1
3.74;-6.702129727;13.45847626;0;0.085533541;-0.996335292;0;0.996335292;0.085533541;0;0;0;1
3.75;-6.701274216;13.44851292;0;0.085568804;-0.996332264;0;0.996332264;0.085568804;0;0;0;1
3.76;-6.700418351;13.43854961;0;0.0856041;-0.996329232;0;0.996329232;0.0856041;0;0;0;1
3.77;-6.699562134;13.42858634;0;0.08563943;-0.996326196;0;0.996326196;0.08563943;0;0;0;1
3.78;-6.698705563;13.41862309;0;0.085674793;-0.996323155;0;0.996323155;0.085674793;0;0;0;1
3.79;-6.697848637;13.40865987;0;0.08571019;-0.996320111;0;0.996320111;0.08571019;0;0;0;1
3.8;-6.696991359;13.39869669;0;0.085745621;-0.996317062;0;0.996317062;0.085745621;0;0;0;1
3.81;-6.696133725;13.38873353;0;0.085781092;-0.996314009;0;0.996314009;0.085781092;0;0;0;1
3.82;-6.695275737;13.37877041;0;0.085816596;-0.996310951;0;0.996310951;0.085816596;0;0;0;1
3.83;-6.694417393;13.36880731;0;0.085852135;-0.99630789;0;0.99630789;0.085852135;0;0;0;1
3.84;-6.693558694;13.35884425;0;0.085887708;-0.996304824;0;0.996304824;0.085887708;0;0;0;1
3.85;-6.692699639;13.34888122;0;0.085923314;-0.996301754;0;0.996301754;0.085923314;0;0;0;1
3.86;-6.691840228;13.33891821;0;0.085958955;-0.996298679;0;0.996298679;0.085958955;0;0;0;1
3.87;-6.69098046;13.32895524;0;0.08599463;-0.996295601;0;0.996295601;0.08599463;0;0;0;1
3.88;-6.690120335;13.3189923;0;0.086030344;-0.996292517;0;0.996292517;0.086030344;0;0;0;1
3.89;-6.689259853;13.30902939;0;0.086066094;-0.99628943;0;0.99628943;0.086066094;0;0;0;1
3.9;-6.688399013;13.29906651;0;0.086101878;-0.996286338;0;0.996286338;0.086101878;0;0;0;1
3.91;-6.687537816;13.28910366;0;0.086137696;-0.996283242;0;0.996283242;0.086137696;0;0;0;1
3.92;-6.68667626;13.27914085;0;0.086173549;-0.996280141;0;0.996280141;0.086173549;0;0;0;1
3.93;-6.685814345;13.26917806;0;0.086209436;-0.996277036;0;0.996277036;0.086209436;0;0;0;1
3.94;-6.68495207;13.25921531;0;0.086245357;-0.996273927;0;0.996273927;0.086245357;0;0;0;1
3.95;-6.684089438;13.24925258;0;0.086281317;-0.996270814;0;0.996270814;0.086281317;0;0;0;1
3.96;-6.683226444;13.23928989;0;0.086317315;-0.996267696;0;0.996267696;0.086317315;0;0;0;1
3.97;-6.682363091;13.22932723;0;0.086353347;-0.996264573;0;0.996264573;0.086353347;0;0;0;1
3.98;-6.681499377;13.2193646;0;0.086389413;-0.996261446;0;0.996261446;0.086389413;0;0;0;1
3.99;-6.680635303;13.209402;0;0.086425515;-0.996258315;0;0.996258315;0.086425515;0;0;0;1
4;-6.679770867;13.19943943;0;0.086461651;-0.99625518;0;0.99625518;0.086461651;0;0;0;1
4.01;-6.67890607;13.1894769;0;0.086497822;-0.99625204;0;0.99625204;0.086497822;0;0;0;1
4.02;-6.678040911;13.17951439;0;0.08653403;-0.996248895;0;0.996248895;0.08653403;0;0;0;1
4.03;-6.677175389;13.16955192;0;0.086570278;-0.996245746;0;0.996245746;0.086570278;0;0;0;1
4.04;-6.676309505;13.15958948;0;0.08660656;-0.996242593;0;0.996242593;0.08660656;0;0;0;1
4.05;-6.675443258;13.14962707;0;0.086642878;-0.996239435;0;0.996239435;0.086642878;0;0;0;1
4.06;-6.674576647;13.13966469;0;0.086679231;-0.996236273;0;0.996236273;0.086679231;0;0;0;1
4.07;-6.673709673;13.12970234;0;0.08671562;-0.996233106;0;0.996233106;0.08671562;0;0;0;1
4.08;-6.672842335;13.11974003;0;0.086752043;-0.996229935;0;0.996229935;0.086752043;0;0;0;1
4.09;-6.671974632;13.10977774;0;0.086788502;-0.996226759;0;0.996226759;0.086788502;0;0;0;1
4.1;-6.671106564;13.09981549;0;0.086825002;-0.996223579;0;0.996223579;0.086825002;0;0;0;1
4.11;-6.670238132;13.08985327;0;0.086861538;-0.996220394;0;0.996220394;0.086861538;0;0;0;1
4.12;-6.669369334;13.07989108;0;0.08689811;-0.996217204;0;0.996217204;0.08689811;0;0;0;1
4.13;-6.66850017;13.06992893;0;0.086934718;-0.996214011;0;0.996214011;0.086934718;0;0;0;1
4.14;-6.66763064;13.0599668;0;0.086971361;-0.996210812;0;0.996210812;0.086971361;0;0;0;1
4.15;-6.666760742;13.05000471;0;0.08700804;-0.996207609;0;0.996207609;0.08700804;0;0;0;1
4.16;-6.665890478;13.04004265;0;0.087044755;-0.996204402;0;0.996204402;0.087044755;0;0;0;1
4.17;-6.665019848;13.03008062;0;0.087081507;-0.99620119;0;0.99620119;0.087081507;0;0;0;1
4.18;-6.664148848;13.02011863;0;0.087118299;-0.996197973;0;0.996197973;0.087118299;0;0;0;1
4.19;-6.663277481;13.01015666;0;0.087155128;-0.996194752;0;0.996194752;0.087155128;0;0;0;1
4.2;-6.662405746;13.00019473;0;0.087191993;-0.996191526;0;0.996191526;0.087191993;0;0;0;1
4.21;-6.661533641;12.99023283;0;0.087228895;-0.996188295;0;0.996188295;0.087228895;0;0;0;1
4.22;-6.660661168;12.98027097;0;0.087265832;-0.99618506;0;0.99618506;0.087265832;0;0;0;1
4.23;-6.659788325;12.97030913;0;0.087302805;-0.996181821;0;0.996181821;0.087302805;0;0;0;1
4.24;-6.658915111;12.96034733;0;0.087339815;-0.996178577;0;0.996178577;0.087339815;0;0;0;1
4.25;-6.658041529;12.95038556;0;0.087376864;-0.996175328;0;0.996175328;0.087376864;0;0;0;1
4.26;-6.657167574;12.94042382;0;0.087413952;-0.996172074;0;0.996172074;0.087413952;0;0;0;1
4.27;-6.656293249;12.93046212;0;0.087451078;-0.996168816;0;0.996168816;0.087451078;0;0;0;1
4.28;-6.655418553;12.92050045;0;0.08748824;-0.996165552;0;0.996165552;0.08748824;0;0;0;1
4.29;-6.654543484;12.91053881;0;0.087525438;-0.996162285;0;0.996162285;0.087525438;0;0;0;1
4.3;-6.653668044;12.9005772;0;0.087562674;-0.996159013;0;0.996159013;0.087562674;0;0;0;1
4.31;-6.652792231;12.89061563;0;0.087599946;-0.996155736;0;0.996155736;0.087599946;0;0;0;1
4.32;-6.651916045;12.88065409;0;0.087637254;-0.996152454;0;0.996152454;0.087637254;0;0;0;1
4.33;-6.651039486;12.87069258;0;0.087674602;-0.996149168;0;0.996149168;0.087674602;0;0;0;1
4.34;-6.650162553;12.8607311;0;0.087711991;-0.996145876;0;0.996145876;0.087711991;0;0;0;1
4.35;-6.649285246;12.85076966;0;0.087749417;-0.99614258;0;0.99614258;0.087749417;0;0;0;1
4.36;-6.648407564;12.84080825;0;0.087786879;-0.996139279;0;0.996139279;0.087786879;0;0;0;1
4.37;-6.647529508;12.83084688;0;0.087824379;-0.996135974;0;0.996135974;0.087824379;0;0;0;1
